         0         1         2         3        16        17        18        19         1   3.16228   16.0312   19.0263   3.60555   2.82843   2.23607         2   2.23607   2.82843   3.60555   16.1245    19.105   4.24264   3.16228   16.2788   19.2354         5   4.12311   16.4924   19.4165   5.83095   5.38516   5.09902   16.7631     17.72   18.6815   19.6469   23.2594   24.1661   25.0799   23.7065   25.4951   12.0416        12   12.0416   12.1655   12.3693   12.6491   16.9706   17.6918   18.4391   19.2094        20   24.1868   25.9422   26.8328   27.7308   28.6356   29.5466   30.4631   13.0384   13.6015   17.6918   20.6155   24.6982   26.4197   27.2947   30.8707   14.0357        14   14.0357   14.1421   14.3178   14.5602   18.4391   21.2603   25.2389   26.9258   27.7849    31.305   19.2094   21.9317    25.807   26.6271   27.4591   28.3019   31.7648        20   22.6274   28.8444    32.249   20.8087   21.4009   22.0227   22.6716   23.3452   29.4109   30.2324   31.0644   31.9061   32.7567
         1         0         1         2        15        16        17        18   1.41421   2.23607   15.0333   18.0278   4.47214   3.60555   2.82843   2.23607         2   2.23607   2.82843   15.1327   18.1108         5   3.60555   15.2971   18.2483   5.65685   4.47214   15.5242   18.4391   6.40312   5.83095   5.38516   15.8114   16.7631     17.72   18.6815   22.3607   23.2594   24.1661   22.8254   24.5967   12.1655   12.0416        12   12.0416   12.1655   12.3693   16.2788   16.9706   17.6918   18.4391   19.2094   23.3238   25.0599   25.9422   26.8328   27.7308   28.6356   29.5466   13.1529   13.3417   17.0294   19.8494   23.8537   25.5539   26.4197   29.9666   14.1421   14.0357        14   14.0357   14.1421   14.3178   17.8045   20.5183   24.4131   26.0768   26.9258   30.4138   18.6011   21.2132        25    25.807   26.6271   27.4591   30.8869   19.4165   21.9317   28.0179   31.3847   20.2485   20.8087   21.4009   22.0227   22.6716   28.6007   29.4109   30.2324   31.0644   31.9061
         2         1         0         1        14        15        16        17   2.23607   1.41421   14.0357   17.0294   5.38516   4.47214   3.60555   2.82843   2.23607         2   2.23607   14.1421   17.1172   5.83095   4.24264   14.3178   17.2627   6.40312         5   14.5602   17.4642   7.07107   6.40312   5.83095   14.8661   15.8114   16.7631     17.72   21.4709   22.3607   23.2594   21.9545   23.7065   12.3693   12.1655   12.0416        12   12.0416   12.1655   15.6205   16.2788   16.9706   17.6918   18.4391   22.4722   24.1868   25.0599   25.9422   26.8328   27.7308   28.6356   13.3417   13.1529   16.4012    19.105   23.0217   24.6982   25.5539   29.0689   14.3178   14.1421   14.0357        14   14.0357   14.1421   17.2047    19.799   23.6008   25.2389   26.0768   29.5296   18.0278   20.5183   24.2074        25    25.807   26.6271   30.0167    18.868   21.2603   27.2029   30.5287   19.7231   20.2485   20.8087   21.4009   22.0227   27.8029   28.6007   29.4109   30.2324   31.0644
         3         2         1         0        13        14        15        16   3.16228         1   13.0384   16.0312   6.32456   5.38516   4.47214   3.60555   2.82843   2.23607         2   13.1529   16.1245    6.7082         5   13.3417   16.2788    7.2111   5.65685   13.6015   16.4924   7.81025   7.07107   6.40312   13.9284   14.8661   15.8114   16.7631   20.5913   21.4709   22.3607    21.095   22.8254   12.6491   12.3693   12.1655   12.0416        12   12.0416        15   15.6205   16.2788   16.9706   17.6918   21.6333   23.3238   24.1868   25.0599   25.9422   26.8328   27.7308   13.6015   13.0384   15.8114   18.3848   22.2036   23.8537   24.6982    28.178   14.5602   14.3178   14.1421   14.0357        14   14.0357   16.6433    19.105   22.8035   24.4131   25.2389   28.6531   17.4929   19.8494   23.4307   24.2074        25    25.807   29.1548   18.3576   20.6155   26.4008   29.6816   19.2354   19.7231   20.2485   20.8087   21.4009   27.0185   27.8029   28.6007   29.4109   30.2324
        16        15        14        13         0         1         2         3   16.0312   13.0384         1   3.16228    19.105   18.1108   17.1172   16.1245   15.1327   14.1421   13.1529         2   3.60555   19.2354   17.2627         3   4.24264   19.4165   17.4642         4         5   19.6469   18.6815     17.72         5   5.09902   5.38516   5.83095   11.1803   11.6619   12.2066    12.083   13.0384   20.8087        20   19.2094   18.4391   17.6918   16.9706   12.6491   12.3693   12.1655   12.0416        12        13   13.8924   14.4222        15   15.6205   16.2788   16.9706   21.4009   17.6918   13.6015        13   13.9284   14.7648   15.2643   17.6918   22.0227   21.2603   20.5183    19.799    19.105   18.4391   14.5602        14   14.8661   15.6525   16.1245   18.4391   15.5242        15   15.8114   16.1555   16.5529        17   19.2094   16.4924        16   17.8885        20   17.4642   17.2627   17.1172   17.0294        17   18.7883   19.2354   19.7231   20.2485   20.8087
        17        16        15        14         1         0         1         2   17.0294   14.0357   1.41421   2.23607   20.0998    19.105   18.1108   17.1172   16.1245   15.1327   14.1421   2.23607   2.82843   20.2237   18.2483   3.16228   3.60555   20.3961   18.4391   4.12311   4.47214   20.6155   19.6469   18.6815   5.09902         5   5.09902   5.38516   10.7703   11.1803   11.6619   11.7047     12.53   21.6333   20.8087        20   19.2094   18.4391   17.6918        13   12.6491   12.3693   12.1655   12.0416   12.6491   13.4164   13.8924   14.4222        15   15.6205   16.2788   22.2036   18.3848   13.9284   13.0384   13.6015   14.3178   14.7648   17.0294   22.8035   22.0227   21.2603   20.5183    19.799    19.105   14.8661   14.0357   14.5602   15.2315   15.6525   17.8045   15.8114   15.0333   15.5242   15.8114   16.1555   16.5529   18.6011   16.7631   16.0312   17.4642   19.4165     17.72   17.4642   17.2627   17.1172   17.0294   18.3848   18.7883   19.2354   19.7231   20.2485
        18        17        16        15         2         1         0         1   18.0278   15.0333   2.23607   1.41421    21.095   20.0998    19.105   18.1108   17.1172   16.1245   15.1327   2.82843   2.23607   21.2132   19.2354   3.60555   3.16228   21.3776   19.4165   4.47214   4.12311    21.587   20.6155   19.6469   5.38516   5.09902         5   5.09902   10.4403   10.7703   11.1803   11.4018    12.083   22.4722   21.6333   20.8087        20   19.2094   18.4391   13.4164        13   12.6491   12.3693   12.1655   12.3693        13   13.4164   13.8924   14.4222        15   15.6205   23.0217    19.105   14.3178   13.1529   13.3417   13.9284   14.3178   16.4012   23.6008   22.8035   22.0227   21.2603   20.5183    19.799   15.2315   14.1421   14.3178   14.8661   15.2315   17.2047   16.1555   15.1327   15.2971   15.5242   15.8114   16.1555   18.0278    17.088   16.1245    17.088    18.868   18.0278     17.72   17.4642   17.2627   17.1172   18.0278   18.3848   18.7883   19.2354   19.7231
        19        18        17        16         3         2         1         0   19.0263   16.0312   3.16228         1   22.0907    21.095   20.0998    19.105   18.1108   17.1172   16.1245   3.60555         2   22.2036   20.2237   4.24264         3   22.3607   20.3961         5         4    22.561    21.587   20.6155   5.83095   5.38516   5.09902         5    10.198   10.4403   10.7703   11.1803   11.7047   23.3238   22.4722   21.6333   20.8087        20   19.2094   13.8924   13.4164        13   12.6491   12.3693   12.1655   12.6491        13   13.4164   13.8924   14.4222        15   23.8537   19.8494   14.7648   13.3417   13.1529   13.6015   13.9284   15.8114   24.4131   23.6008   22.8035   22.0227   21.2603   20.5183   15.6525   14.3178   14.1421   14.5602   14.8661   16.6433   16.5529   15.2971   15.1327   15.2971   15.5242   15.8114   17.4929   17.4642   16.2788   16.7631   18.3576   18.3848   18.0278     17.72   17.4642   17.2627     17.72   18.0278   18.3848   18.7883   19.2354
         1   1.41421   2.23607   3.16228   16.0312   17.0294   18.0278   19.0263         0         3        16        19   3.16228   2.23607   1.41421         1   1.41421   2.23607   3.16228   16.0312   19.0263   3.60555   2.23607   16.1245    19.105   4.24264   3.16228   16.2788   19.2354         5   4.47214   4.12311   16.4924   17.4642   18.4391   19.4165   22.8473   23.7697   24.6982   23.2594   25.0799   11.0454        11   11.0454   11.1803   11.4018   11.7047   16.2788   17.0294   17.8045   18.6011   19.4165   23.7065   25.4951   26.4008    27.313   28.2312   29.1548   30.0832   12.0416   12.6491   16.9706        20   24.1868   25.9422   26.8328   30.4631   13.0384        13   13.0384   13.1529   13.3417   13.6015   17.6918   20.6155   24.6982   26.4197   27.2947   30.8707   18.4391   21.2603   25.2389   26.0768   26.9258   27.7849    31.305   19.2094   21.9317   28.3019   31.7648        20   20.6155   21.2603   21.9317   22.6274   28.8444   29.6816   30.5287   31.3847    32.249
   3.16228   2.23607   1.41421         1   13.0384   14.0357   15.0333   16.0312         3         0        13        16   6.08276   5.09902   4.12311   3.16228   2.23607   1.41421         1   13.0384   16.0312   6.32456   4.47214   13.1529   16.1245    6.7082         5   13.3417   16.2788    7.2111   6.40312   5.65685   13.6015   14.5602   15.5242   16.4924   20.1246   21.0238   21.9317   20.5913   22.3607   11.7047   11.4018   11.1803   11.0454        11   11.0454   14.2127   14.8661   15.5563   16.2788   17.0294    21.095   22.8254   23.7065   24.5967   25.4951   26.4008    27.313   12.6491   12.0416        15   17.6918   21.6333   23.3238   24.1868   27.7308   13.6015   13.3417   13.1529   13.0384        13   13.0384   15.8114   18.3848   22.2036   23.8537   24.6982    28.178   16.6433    19.105   22.8035   23.6008   24.4131   25.2389   28.6531   17.4929   19.8494    25.807   29.1548   18.3576    18.868   19.4165        20   20.6155   26.4008   27.2029   28.0179   28.8444   29.6816
   16.0312   15.0333   14.0357   13.0384         1   1.41421   2.23607   3.16228        16        13         0         3   19.0263   18.0278   17.0294   16.0312   15.0333   14.0357   13.0384         1   3.16228    19.105   17.1172         2   3.60555   19.2354   17.2627         3   4.24264   19.4165   18.4391   17.4642         4   4.12311   4.47214         5   10.2956   10.8167   11.4018   11.1803   12.2066   20.2485   19.4165   18.6011   17.8045   17.0294   16.2788   11.7047   11.4018   11.1803   11.0454        11    12.083   13.0384   13.6015   14.2127   14.8661   15.5563   16.2788   20.8087   16.9706   12.6491        12        13   13.8924   14.4222   16.9706   21.4009   20.6155   19.8494    19.105   18.3848   17.6918   13.6015        13   13.9284   14.7648   15.2643   17.6918   14.5602        14   14.8661   15.2315   15.6525   16.1245   18.4391   15.5242        15        17   19.2094   16.4924   16.2788   16.1245   16.0312        16   17.8885   18.3576    18.868   19.4165        20
   19.0263   18.0278   17.0294   16.0312   3.16228   2.23607   1.41421         1        19        16         3         0   22.0227   21.0238    20.025   19.0263   18.0278   17.0294   16.0312   3.16228         1   22.0907   20.0998   3.60555         2   22.2036   20.2237   4.24264         3   22.3607   21.3776   20.3961         5   4.47214   4.12311         4   9.21954   9.48683   9.84886    10.198   10.7703   22.8254   21.9545    21.095   20.2485   19.4165   18.6011   13.0384     12.53    12.083   11.7047   11.4018   11.1803   11.7047    12.083     12.53   13.0384   13.6015   14.2127   23.3238   19.2094   13.8924   12.3693   12.1655   12.6491        13        15   23.8537   23.0217   22.2036   21.4009   20.6155   19.8494   14.7648   13.3417   13.1529   13.6015   13.9284   15.8114   15.6525   14.3178   14.1421   14.3178   14.5602   14.8661   16.6433   16.5529   15.2971   15.8114   17.4929   17.4642    17.088   16.7631   16.4924   16.2788   16.7631    17.088   17.4642   17.8885   18.3576
   3.60555   4.47214   5.38516   6.32456    19.105   20.0998    21.095   22.0907   3.16228   6.08276   19.0263   22.0227         0         1         2         3         4         5         6        19        22         1   2.23607   19.0263   22.0227         2   2.82843    19.105   22.0907         3   3.16228   3.60555   19.2354   20.2237   21.2132   22.2036   25.2982   26.2488   27.2029    25.632   27.5136    10.198   10.4403   10.7703   11.1803   11.6619   12.2066   18.0278    18.868   19.7231   20.5913   21.4709        26   27.8568   28.7924   29.7321   30.6757   31.6228    32.573   11.1803   13.0384   18.6011   21.9545   26.4008   28.2312   29.1548   32.8938   12.1655   12.3693   12.6491        13   13.4164   13.8924   19.2094   22.4722   26.8328   28.6356   29.5466   33.2415   19.8494   23.0217   27.2947    28.178   29.0689   29.9666   33.6155   20.5183   23.6008   30.4138   34.0147   21.2132   21.9317   22.6716   23.4307   24.2074   30.8869   31.7648   32.6497    33.541   34.4384
   2.82843   3.60555   4.47214   5.38516   18.1108    19.105   20.0998    21.095   2.23607   5.09902   18.0278   21.0238         1         0         1         2         3         4         5        18        21   1.41421   1.41421   18.0278   21.0238   2.23607   2.23607   18.1108    21.095   3.16228         3   3.16228   18.2483   19.2354   20.2237   21.2132   24.3516   25.2982   26.2488   24.6982   26.5707   10.0499    10.198   10.4403   10.7703   11.1803   11.6619   17.2047   18.0278    18.868   19.7231   20.5913   25.0799   26.9258   27.8568   28.7924   29.7321   30.6757   31.6228   11.0454     12.53   17.8045    21.095   25.4951    27.313   28.2312   31.9531   12.0416   12.1655   12.3693   12.6491        13   13.4164   18.4391   21.6333   25.9422   27.7308   28.6356    32.311    19.105   22.2036   26.4197   27.2947    28.178   29.0689   32.6956    19.799   22.8035   29.5296   33.1059   20.5183   21.2132   21.9317   22.6716   23.4307   30.0167   30.8869   31.7648   32.6497    33.541
   2.23607   2.82843   3.60555   4.47214   17.1172   18.1108    19.105   20.0998   1.41421   4.12311   17.0294    20.025         2         1         0         1         2         3         4        17        20   2.23607         1   17.0294    20.025   2.82843         2   17.1172   20.0998   3.60555   3.16228         3   17.2627   18.2483   19.2354   20.2237   23.4094   24.3516   25.2982   23.7697    25.632        10   10.0499    10.198   10.4403   10.7703   11.1803   16.4012   17.2047   18.0278    18.868   19.7231   24.1661        26   26.9258   27.8568   28.7924   29.7321   30.6757        11    12.083   17.0294   20.2485   24.5967   26.4008    27.313   31.0161        12   12.0416   12.1655   12.3693   12.6491        13   17.6918   20.8087   25.0599   26.8328   27.7308   31.3847   18.3848   21.4009   25.5539   26.4197   27.2947    28.178   31.7805    19.105   22.0227   28.6531   32.2025   19.8494   20.5183   21.2132   21.9317   22.6716   29.1548   30.0167   30.8869   31.7648   32.6497
         2   2.23607   2.82843   3.60555   16.1245   17.1172   18.1108    19.105         1   3.16228   16.0312   19.0263         3         2         1         0         1         2         3        16        19   3.16228   1.41421   16.0312   19.0263   3.60555   2.23607   16.1245    19.105   4.24264   3.60555   3.16228   16.2788   17.2627   18.2483   19.2354   22.4722   23.4094   24.3516   22.8473   24.6982   10.0499        10   10.0499    10.198   10.4403   10.7703   15.6205   16.4012   17.2047   18.0278    18.868   23.2594   25.0799        26   26.9258   27.8568   28.7924   29.7321   11.0454   11.7047   16.2788   19.4165   23.7065   25.4951   26.4008   30.0832   12.0416        12   12.0416   12.1655   12.3693   12.6491   16.9706        20   24.1868   25.9422   26.8328   30.4631   17.6918   20.6155   24.6982   25.5539   26.4197   27.2947   30.8707   18.4391   21.2603   27.7849    31.305   19.2094   19.8494   20.5183   21.2132   21.9317   28.3019   29.1548   30.0167   30.8869   31.7648
   2.23607         2   2.23607   2.82843   15.1327   16.1245   17.1172   18.1108   1.41421   2.23607   15.0333   18.0278         4         3         2         1         0         1         2        15        18   4.12311   2.23607   15.0333   18.0278   4.47214   2.82843   15.1327   18.1108         5   4.24264   3.60555   15.2971   16.2788   17.2627   18.2483   21.5407   22.4722   23.4094   21.9317   23.7697    10.198   10.0499        10   10.0499    10.198   10.4403   14.8661   15.6205   16.4012   17.2047   18.0278   22.3607   24.1661   25.0799        26   26.9258   27.8568   28.7924   11.1803   11.4018   15.5563   18.6011   22.8254   24.5967   25.4951   29.1548   12.1655   12.0416        12   12.0416   12.1655   12.3693   16.2788   19.2094   23.3238   25.0599   25.9422   29.5466   17.0294   19.8494   23.8537   24.6982   25.5539   26.4197   29.9666   17.8045   20.5183   26.9258   30.4138   18.6011   19.2094   19.8494   20.5183   21.2132   27.4591   28.3019   29.1548   30.0167   30.8869
   2.82843   2.23607         2   2.23607   14.1421   15.1327   16.1245   17.1172   2.23607   1.41421   14.0357   17.0294         5         4         3         2         1         0         1        14        17   5.09902   3.16228   14.0357   17.0294   5.38516   3.60555   14.1421   17.1172   5.83095         5   4.24264   14.3178   15.2971   16.2788   17.2627   20.6155   21.5407   22.4722   21.0238   22.8473   10.4403    10.198   10.0499        10   10.0499    10.198   14.1421   14.8661   15.6205   16.4012   17.2047   21.4709   23.2594   24.1661   25.0799        26   26.9258   27.8568   11.4018   11.1803   14.8661   17.8045   21.9545   23.7065   24.5967   28.2312   12.3693   12.1655   12.0416        12   12.0416   12.1655   15.6205   18.4391   22.4722   24.1868   25.0599   28.6356   16.4012    19.105   23.0217   23.8537   24.6982   25.5539   29.0689   17.2047    19.799   26.0768   29.5296   18.0278   18.6011   19.2094   19.8494   20.5183   26.6271   27.4591   28.3019   29.1548   30.0167
   3.60555   2.82843   2.23607         2   13.1529   14.1421   15.1327   16.1245   3.16228         1   13.0384   16.0312         6         5         4         3         2         1         0        13        16   6.08276   4.12311   13.0384   16.0312   6.32456   4.47214   13.1529   16.1245    6.7082   5.83095         5   13.3417   14.3178   15.2971   16.2788   19.6977   20.6155   21.5407   20.1246   21.9317   10.7703   10.4403    10.198   10.0499        10   10.0499   13.4536   14.1421   14.8661   15.6205   16.4012   20.5913   22.3607   23.2594   24.1661   25.0799        26   26.9258   11.7047   11.0454   14.2127   17.0294    21.095   22.8254   23.7065    27.313   12.6491   12.3693   12.1655   12.0416        12   12.0416        15   17.6918   21.6333   23.3238   24.1868   27.7308   15.8114   18.3848   22.2036   23.0217   23.8537   24.6982    28.178   16.6433    19.105   25.2389   28.6531   17.4929   18.0278   18.6011   19.2094   19.8494    25.807   26.6271   27.4591   28.3019   29.1548
   16.1245   15.1327   14.1421   13.1529         2   2.23607   2.82843   3.60555   16.0312   13.0384         1   3.16228        19        18        17        16        15        14        13         0         3   19.0263   17.0294         1   3.16228    19.105   17.1172         2   3.60555   19.2354   18.2483   17.2627         3   3.16228   3.60555   4.24264   9.43398        10   10.6301   10.2956   11.4018   19.7231    18.868   18.0278   17.2047   16.4012   15.6205   10.7703   10.4403    10.198   10.0499        10   11.1803   12.2066   12.8062   13.4536   14.1421   14.8661   15.6205   20.2485   16.2788   11.7047        11    12.083   13.0384   13.6015   16.2788   20.8087        20   19.2094   18.4391   17.6918   16.9706   12.6491        12        13   13.8924   14.4222   16.9706   13.6015        13   13.9284   14.3178   14.7648   15.2643   17.6918   14.5602        14   16.1245   18.4391   15.5242   15.2971   15.1327   15.0333        15        17   17.4929   18.0278   18.6011   19.2094
    19.105   18.1108   17.1172   16.1245   3.60555   2.82843   2.23607         2   19.0263   16.0312   3.16228         1        22        21        20        19        18        17        16         3         0   22.0227    20.025   3.16228         1   22.0907   20.0998   3.60555         2   22.2036   21.2132   20.2237   4.24264   3.60555   3.16228         3   8.24621     8.544   8.94427   9.21954   9.84886   22.3607   21.4709   20.5913   19.7231    18.868   18.0278   12.2066   11.6619   11.1803   10.7703   10.4403    10.198   10.7703   11.1803   11.6619   12.2066   12.8062   13.4536   22.8254   18.6011   13.0384   11.4018   11.1803   11.7047    12.083   14.2127   23.3238   22.4722   21.6333   20.8087        20   19.2094   13.8924   12.3693   12.1655   12.6491        13        15   14.7648   13.3417   13.1529   13.3417   13.6015   13.9284   15.8114   15.6525   14.3178   14.8661   16.6433   16.5529   16.1555   15.8114   15.5242   15.2971   15.8114   16.1555   16.5529        17   17.4929
   4.24264         5   5.83095    6.7082   19.2354   20.2237   21.2132   22.2036   3.60555   6.32456    19.105   22.0907         1   1.41421   2.23607   3.16228   4.12311   5.09902   6.08276   19.0263   22.0227         0         2        19        22         1   2.23607   19.0263   22.0227         2   2.23607   2.82843    19.105   20.0998    21.095   22.0907        25   25.9615   26.9258   25.2982   27.2029   9.21954   9.48683   9.84886   10.2956   10.8167   11.4018   17.4929   18.3576   19.2354   20.1246   21.0238    25.632   27.5136   28.4605   29.4109   30.3645   31.3209     32.28    10.198   12.2066   18.0278   21.4709        26   27.8568   28.7924    32.573   11.1803   11.4018   11.7047    12.083     12.53   13.0384   18.6011   21.9545   26.4008   28.2312   29.1548   32.8938   19.2094   22.4722   26.8328   27.7308   28.6356   29.5466   33.2415   19.8494   23.0217   29.9666   33.6155   20.5183   21.2603   22.0227   22.8035   23.6008   30.4138    31.305   32.2025   33.1059   34.0147
   3.16228   3.60555   4.24264         5   17.2627   18.2483   19.2354   20.2237   2.23607   4.47214   17.1172   20.0998   2.23607   1.41421         1   1.41421   2.23607   3.16228   4.12311   17.0294    20.025         2         0        17        20   2.23607         1   17.0294    20.025   2.82843   2.23607         2   17.1172   18.1108    19.105   20.0998   23.0868   24.0416        25   23.4094   25.2982         9   9.05539   9.21954   9.48683   9.84886   10.2956   15.8114   16.6433   17.4929   18.3576   19.2354   23.7697    25.632   26.5707   27.5136   28.4605   29.4109   30.3645        10   11.1803   16.4012   19.7231   24.1661        26   26.9258   30.6757        11   11.0454   11.1803   11.4018   11.7047    12.083   17.0294   20.2485   24.5967   26.4008    27.313   31.0161   17.6918   20.8087   25.0599   25.9422   26.8328   27.7308   31.3847   18.3848   21.4009    28.178   31.7805    19.105    19.799   20.5183   21.2603   22.0227   28.6531   29.5296   30.4138    31.305   32.2025
   16.2788   15.2971   14.3178   13.3417         3   3.16228   3.60555   4.24264   16.1245   13.1529         2   3.60555   19.0263   18.0278   17.0294   16.0312   15.0333   14.0357   13.0384         1   3.16228        19        17         0         3   19.0263   17.0294         1   3.16228    19.105   18.1108   17.1172         2   2.23607   2.82843   3.60555   8.60233   9.21954   9.89949   9.43398   10.6301   19.2354   18.3576   17.4929   16.6433   15.8114        15   9.84886   9.48683   9.21954   9.05539         9   10.2956   11.4018   12.0416   12.7279   13.4536   14.2127        15   19.7231   15.6205   10.7703        10   11.1803   12.2066   12.8062   15.6205   20.2485   19.4165   18.6011   17.8045   17.0294   16.2788   11.7047        11    12.083   13.0384   13.6015   16.2788   12.6491        12        13   13.4164   13.8924   14.4222   16.9706   13.6015        13   15.2643   17.6918   14.5602   14.3178   14.1421   14.0357        14   16.1245   16.6433   17.2047   17.8045   18.4391
   19.2354   18.2483   17.2627   16.2788   4.24264   3.60555   3.16228         3    19.105   16.1245   3.60555         2   22.0227   21.0238    20.025   19.0263   18.0278   17.0294   16.0312   3.16228         1        22        20         3         0   22.0227    20.025   3.16228         1   22.0907    21.095   20.0998   3.60555   2.82843   2.23607         2   7.28011   7.61577   8.06226   8.24621   8.94427   21.9317   21.0238   20.1246   19.2354   18.3576   17.4929   11.4018   10.8167   10.2956   9.84886   9.48683   9.21954   9.84886   10.2956   10.8167   11.4018   12.0416   12.7279   22.3607   18.0278   12.2066   10.4403    10.198   10.7703   11.1803   13.4536   22.8254   21.9545    21.095   20.2485   19.4165   18.6011   13.0384   11.4018   11.1803   11.7047    12.083   14.2127   13.8924   12.3693   12.1655   12.3693   12.6491        13        15   14.7648   13.3417   13.9284   15.8114   15.6525   15.2315   14.8661   14.5602   14.3178   14.8661   15.2315   15.6525   16.1245   16.6433
         5   5.65685   6.40312    7.2111   19.4165   20.3961   21.3776   22.3607   4.24264    6.7082   19.2354   22.2036         2   2.23607   2.82843   3.60555   4.47214   5.38516   6.32456    19.105   22.0907         1   2.23607   19.0263   22.0227         0         2        19        22         1   1.41421   2.23607   19.0263    20.025   21.0238   22.0227   24.7386   25.7099   26.6833        25   26.9258   8.24621     8.544   8.94427   9.43398        10   10.6301        17   17.8885   18.7883   19.6977   20.6155   25.2982   27.2029   28.1603   29.1204   30.0832   31.0483   32.0156   9.21954   11.4018   17.4929   21.0238    25.632   27.5136   28.4605     32.28    10.198   10.4403   10.7703   11.1803   11.6619   12.2066   18.0278   21.4709        26   27.8568   28.7924    32.573   18.6011   21.9545   26.4008    27.313   28.2312   29.1548   32.8938   19.2094   22.4722   29.5466   33.2415   19.8494   20.6155   21.4009   22.2036   23.0217   29.9666   30.8707   31.7805   32.6956   33.6155
   4.12311   4.47214         5   5.65685   17.4642   18.4391   19.4165   20.3961   3.16228         5   17.2627   20.2237   2.82843   2.23607         2   2.23607   2.82843   3.60555   4.47214   17.1172   20.0998   2.23607         1   17.0294    20.025         2         0        17        20   2.23607   1.41421         1   17.0294   18.0278   19.0263    20.025   22.8035   23.7697   24.7386   23.0868        25         8   8.06226   8.24621     8.544   8.94427   9.43398   15.2643   16.1245        17   17.8885   18.7883   23.4094   25.2982   26.2488   27.2029   28.1603   29.1204   30.0832         9   10.2956   15.8114   19.2354   23.7697    25.632   26.5707   30.3645        10   10.0499    10.198   10.4403   10.7703   11.1803   16.4012   19.7231   24.1661        26   26.9258   30.6757   17.0294   20.2485   24.5967   25.4951   26.4008    27.313   31.0161   17.6918   20.8087   27.7308   31.3847   18.3848    19.105   19.8494   20.6155   21.4009    28.178   29.0689   29.9666   30.8707   31.7805
   16.4924   15.5242   14.5602   13.6015         4   4.12311   4.47214         5   16.2788   13.3417         3   4.24264    19.105   18.1108   17.1172   16.1245   15.1327   14.1421   13.1529         2   3.60555   19.0263   17.0294         1   3.16228        19        17         0         3   19.0263   18.0278   17.0294         1   1.41421   2.23607   3.16228   7.81025   8.48528   9.21954   8.60233   9.89949   18.7883   17.8885        17   16.1245   15.2643   14.4222   8.94427     8.544   8.24621   8.06226         8   9.43398   10.6301   11.3137   12.0416   12.8062   13.6015   14.4222   19.2354        15   9.84886         9   10.2956   11.4018   12.0416        15   19.7231    18.868   18.0278   17.2047   16.4012   15.6205   10.7703        10   11.1803   12.2066   12.8062   15.6205   11.7047        11    12.083     12.53   13.0384   13.6015   16.2788   12.6491        12   14.4222   16.9706   13.6015   13.3417   13.1529   13.0384        13   15.2643   15.8114   16.4012   17.0294   17.6918
   19.4165   18.4391   17.4642   16.4924         5   4.47214   4.12311         4   19.2354   16.2788   4.24264         3   22.0907    21.095   20.0998    19.105   18.1108   17.1172   16.1245   3.60555         2   22.0227    20.025   3.16228         1        22        20         3         0   22.0227   21.0238    20.025   3.16228   2.23607   1.41421         1   6.32456    6.7082    7.2111   7.28011   8.06226   21.5407   20.6155   19.6977   18.7883   17.8885        17   10.6301        10   9.43398   8.94427     8.544   8.24621   8.94427   9.43398        10   10.6301   11.3137   12.0416   21.9317   17.4929   11.4018   9.48683   9.21954   9.84886   10.2956   12.7279   22.3607   21.4709   20.5913   19.7231    18.868   18.0278   12.2066   10.4403    10.198   10.7703   11.1803   13.4536   13.0384   11.4018   11.1803   11.4018   11.7047    12.083   14.2127   13.8924   12.3693        13        15   14.7648   14.3178   13.9284   13.6015   13.3417   13.9284   14.3178   14.7648   15.2643   15.8114
   5.83095   6.40312   7.07107   7.81025   19.6469   20.6155    21.587    22.561         5    7.2111   19.4165   22.3607         3   3.16228   3.60555   4.24264         5   5.83095    6.7082   19.2354   22.2036         2   2.82843    19.105   22.0907         1   2.23607   19.0263   22.0227         0         1         2        19        20        21        22   24.5153   25.4951   26.4764   24.7386   26.6833   7.28011   7.61577   8.06226   8.60233   9.21954   9.89949   16.5529   17.4642   18.3848   19.3132   20.2485        25   26.9258   27.8927   28.8617   29.8329   30.8058   31.7805   8.24621   10.6301        17   20.6155   25.2982   27.2029   28.1603   32.0156   9.21954   9.48683   9.84886   10.2956   10.8167   11.4018   17.4929   21.0238    25.632   27.5136   28.4605     32.28   18.0278   21.4709        26   26.9258   27.8568   28.7924    32.573   18.6011   21.9545   29.1548   32.8938   19.2094        20   20.8087   21.6333   22.4722   29.5466   30.4631   31.3847    32.311   33.2415
   5.38516   5.83095   6.40312   7.07107   18.6815   19.6469   20.6155    21.587   4.47214   6.40312   18.4391   21.3776   3.16228         3   3.16228   3.60555   4.24264         5   5.83095   18.2483   21.2132   2.23607   2.23607   18.1108    21.095   1.41421   1.41421   18.0278   21.0238         1         0         1        18        19        20        21   23.5372   24.5153   25.4951   23.7697   25.7099   7.07107   7.28011   7.61577   8.06226   8.60233   9.21954   15.6525   16.5529   17.4642   18.3848   19.3132   24.0416   25.9615   26.9258   27.8927   28.8617   29.8329   30.8058   8.06226        10   16.1245   19.6977   24.3516   26.2488   27.2029   31.0483   9.05539   9.21954   9.48683   9.84886   10.2956   10.8167   16.6433   20.1246   24.6982   26.5707   27.5136   31.3209   17.2047   20.5913   25.0799        26   26.9258   27.8568   31.6228   17.8045    21.095   28.2312   31.9531   18.4391   19.2094        20   20.8087   21.6333   28.6356   29.5466   30.4631   31.3847    32.311
   5.09902   5.38516   5.83095   6.40312     17.72   18.6815   19.6469   20.6155   4.12311   5.65685   17.4642   20.3961   3.60555   3.16228         3   3.16228   3.60555   4.24264         5   17.2627   20.2237   2.82843         2   17.1172   20.0998   2.23607         1   17.0294    20.025         2         1         0        17        18        19        20    22.561   23.5372   24.5153   22.8035   24.7386         7   7.07107   7.28011   7.61577   8.06226   8.60233   14.7648   15.6525   16.5529   17.4642   18.3848   23.0868        25   25.9615   26.9258   27.8927   28.8617   29.8329         8   9.43398   15.2643   18.7883   23.4094   25.2982   26.2488   30.0832         9   9.05539   9.21954   9.48683   9.84886   10.2956   15.8114   19.2354   23.7697    25.632   26.5707   30.3645   16.4012   19.7231   24.1661   25.0799        26   26.9258   30.6757   17.0294   20.2485    27.313   31.0161   17.6918   18.4391   19.2094        20   20.8087   27.7308   28.6356   29.5466   30.4631   31.3847
   16.7631   15.8114   14.8661   13.9284         5   5.09902   5.38516   5.83095   16.4924   13.6015         4         5   19.2354   18.2483   17.2627   16.2788   15.2971   14.3178   13.3417         3   4.24264    19.105   17.1172         2   3.60555   19.0263   17.0294         1   3.16228        19        18        17         0         1         2         3   7.07107   7.81025   8.60233   7.81025   9.21954   18.3848   17.4642   16.5529   15.6525   14.7648   13.8924   8.06226   7.61577   7.28011   7.07107         7   8.60233   9.89949   10.6301   11.4018   12.2066   13.0384   13.8924   18.7883   14.4222   8.94427         8   9.43398   10.6301   11.3137   14.4222   19.2354   18.3576   17.4929   16.6433   15.8114        15   9.84886         9   10.2956   11.4018   12.0416        15   10.7703        10   11.1803   11.6619   12.2066   12.8062   15.6205   11.7047        11   13.6015   16.2788   12.6491   12.3693   12.1655   12.0416        12   14.4222        15   15.6205   16.2788   16.9706
     17.72   16.7631   15.8114   14.8661   5.09902         5   5.09902   5.38516   17.4642   14.5602   4.12311   4.47214   20.2237   19.2354   18.2483   17.2627   16.2788   15.2971   14.3178   3.16228   3.60555   20.0998   18.1108   2.23607   2.82843    20.025   18.0278   1.41421   2.23607        20        19        18         1         0         1         2   6.40312   7.07107   7.81025    7.2111   8.48528   19.3132   18.3848   17.4642   16.5529   15.6525   14.7648   8.60233   8.06226   7.61577   7.28011   7.07107   8.06226   9.21954   9.89949   10.6301   11.4018   12.2066   13.0384   19.6977   15.2643   9.43398   8.06226   8.94427        10   10.6301   13.6015   20.1246   19.2354   18.3576   17.4929   16.6433   15.8114   10.2956   9.05539   9.84886   10.8167   11.4018   14.2127   11.1803   10.0499   10.7703   11.1803   11.6619   12.2066   14.8661    12.083   11.0454   13.0384   15.5563        13   12.6491   12.3693   12.1655   12.0416   13.8924   14.4222        15   15.6205   16.2788
   18.6815     17.72   16.7631   15.8114   5.38516   5.09902         5   5.09902   18.4391   15.5242   4.47214   4.12311   21.2132   20.2237   19.2354   18.2483   17.2627   16.2788   15.2971   3.60555   3.16228    21.095    19.105   2.82843   2.23607   21.0238   19.0263   2.23607   1.41421        21        20        19         2         1         0         1   5.83095   6.40312   7.07107    6.7082   7.81025   20.2485   19.3132   18.3848   17.4642   16.5529   15.6525   9.21954   8.60233   8.06226   7.61577   7.28011   7.61577   8.60233   9.21954   9.89949   10.6301   11.4018   12.2066   20.6155   16.1245        10   8.24621     8.544   9.43398        10   12.8062   21.0238   20.1246   19.2354   18.3576   17.4929   16.6433   10.8167   9.21954   9.48683   10.2956   10.8167   13.4536   11.6619    10.198   10.4403   10.7703   11.1803   11.6619   14.1421     12.53   11.1803     12.53   14.8661   13.4164        13   12.6491   12.3693   12.1655   13.4164   13.8924   14.4222        15   15.6205
   19.6469   18.6815     17.72   16.7631   5.83095   5.38516   5.09902         5   19.4165   16.4924         5         4   22.2036   21.2132   20.2237   19.2354   18.2483   17.2627   16.2788   4.24264         3   22.0907   20.0998   3.60555         2   22.0227    20.025   3.16228         1        22        21        20         3         2         1         0   5.38516   5.83095   6.40312   6.32456    7.2111   21.1896   20.2485   19.3132   18.3848   17.4642   16.5529   9.89949   9.21954   8.60233   8.06226   7.61577   7.28011   8.06226   8.60233   9.21954   9.89949   10.6301   11.4018   21.5407        17   10.6301     8.544   8.24621   8.94427   9.43398   12.0416   21.9317   21.0238   20.1246   19.2354   18.3576   17.4929   11.4018   9.48683   9.21954   9.84886   10.2956   12.7279   12.2066   10.4403    10.198   10.4403   10.7703   11.1803   13.4536   13.0384   11.4018    12.083   14.2127   13.8924   13.4164        13   12.6491   12.3693        13   13.4164   13.8924   14.4222        15
   23.2594   22.3607   21.4709   20.5913   11.1803   10.7703   10.4403    10.198   22.8473   20.1246   10.2956   9.21954   25.2982   24.3516   23.4094   22.4722   21.5407   20.6155   19.6977   9.43398   8.24621        25   23.0868   8.60233   7.28011   24.7386   22.8035   7.81025   6.32456   24.5153   23.5372    22.561   7.07107   6.40312   5.83095   5.38516         0         1         2         1   2.23607   22.0907    21.095   20.0998    19.105   18.1108   17.1172   9.21954   8.24621   7.28011   6.32456   5.38516         2   2.82843   3.60555   4.47214   5.38516   6.32456   7.28011   22.2036   17.2627   9.48683   5.83095         3   3.60555   4.24264   7.61577   22.3607   21.3776   20.3961   19.4165   18.4391   17.4642   9.84886   6.40312         4   4.47214         5   8.06226   10.2956   7.07107         5   5.09902   5.38516   5.83095   8.60233   10.8167   7.81025    6.7082   9.21954   11.4018   10.6301   9.89949   9.21954   8.60233   7.61577   8.06226   8.60233   9.21954   9.89949
   24.1661   23.2594   22.3607   21.4709   11.6619   11.1803   10.7703   10.4403   23.7697   21.0238   10.8167   9.48683   26.2488   25.2982   24.3516   23.4094   22.4722   21.5407   20.6155        10     8.544   25.9615   24.0416   9.21954   7.61577   25.7099   23.7697   8.48528    6.7082   25.4951   24.5153   23.5372   7.81025   7.07107   6.40312   5.83095         1         0         1   1.41421   1.41421   23.0868   22.0907    21.095   20.0998    19.105   18.1108    10.198   9.21954   8.24621   7.28011   6.32456   2.23607   2.23607   2.82843   3.60555   4.47214   5.38516   6.32456   23.1948   18.2483   10.4403    6.7082   3.16228   3.16228   3.60555    6.7082   23.3452   22.3607   21.3776   20.3961   19.4165   18.4391   10.7703    7.2111   4.12311   4.12311   4.47214    7.2111   11.1803   7.81025   5.09902         5   5.09902   5.38516   7.81025   11.6619   8.48528   6.32456   8.48528   12.2066   11.4018   10.6301   9.89949   9.21954   7.28011   7.61577   8.06226   8.60233   9.21954
   25.0799   24.1661   23.2594   22.3607   12.2066   11.6619   11.1803   10.7703   24.6982   21.9317   11.4018   9.84886   27.2029   26.2488   25.2982   24.3516   23.4094   22.4722   21.5407   10.6301   8.94427   26.9258        25   9.89949   8.06226   26.6833   24.7386   9.21954    7.2111   26.4764   25.4951   24.5153   8.60233   7.81025   7.07107   6.40312         2         1         0   2.23607         1   24.0832   23.0868   22.0907    21.095   20.0998    19.105   11.1803    10.198   9.21954   8.24621   7.28011   2.82843         2   2.23607   2.82843   3.60555   4.47214   5.38516   24.1868   19.2354   11.4018   7.61577   3.60555         3   3.16228   5.83095   24.3311   23.3452   22.3607   21.3776   20.3961   19.4165   11.7047   8.06226   4.47214         4   4.12311   6.40312    12.083   8.60233   5.38516   5.09902         5   5.09902   7.07107     12.53   9.21954   6.08276   7.81025   13.0384   12.2066   11.4018   10.6301   9.89949   7.07107   7.28011   7.61577   8.06226   8.60233
