         0         1         2         1   2.23607         2   2.82843         3   3.16228   3.60555
         1         0         1   1.41421   1.41421   2.23607   2.23607   3.16228         3   3.16228
         2         1         0   2.23607         1   2.82843         2   3.60555   3.16228         3
         1   1.41421   2.23607         0         2         1   2.23607         2   2.23607   2.82843
   2.23607   1.41421         1         2         0   2.23607         1   2.82843   2.23607         2
         2   2.23607   2.82843         1   2.23607         0         2         1   1.41421   2.23607
   2.82843   2.23607         2   2.23607         1         2         0   2.23607   1.41421         1
         3   3.16228   3.60555         2   2.82843         1   2.23607         0         1         2
   3.16228         3   3.16228   2.23607   2.23607   1.41421   1.41421         1         0         1
   3.60555   3.16228         3   2.82843         2   2.23607         1         2         1         0
