         0         1         2         3         4        20        21        22        23        24         1   4.12311    20.025   24.0208         2   4.47214   20.0998    21.095         3         5         4   4.12311   4.47214         5   5.65685
         1         0         1         2         3        19        20        21        22        23   1.41421   3.16228   19.0263   23.0217   2.23607   3.60555    19.105   20.0998   3.16228   4.24264   4.12311         4   4.12311   4.47214         5
         2         1         0         1         2        18        19        20        21        22   2.23607   2.23607   18.0278   22.0227   2.82843   2.82843   18.1108    19.105   3.60555   3.60555   4.47214   4.12311         4   4.12311   4.47214
         3         2         1         0         1        17        18        19        20        21   3.16228   1.41421   17.0294   21.0238   3.60555   2.23607   17.1172   18.1108   4.24264   3.16228         5   4.47214   4.12311         4   4.12311
         4         3         2         1         0        16        17        18        19        20   4.12311         1   16.0312    20.025   4.47214         2   16.1245   17.1172         5         3   5.65685         5   4.47214   4.12311         4
        20        19        18        17        16         0         1         2         3         4    20.025   16.0312         1   4.12311   20.0998   16.1245         2   2.23607   20.2237   16.2788   20.3961   19.4165   18.4391   17.4642   16.4924
        21        20        19        18        17         1         0         1         2         3   21.0238   17.0294   1.41421   3.16228    21.095   17.1172   2.23607         2   21.2132   17.2627   21.3776   20.3961   19.4165   18.4391   17.4642
        22        21        20        19        18         2         1         0         1         2   22.0227   18.0278   2.23607   2.23607   22.0907   18.1108   2.82843   2.23607   22.2036   18.2483   22.3607   21.3776   20.3961   19.4165   18.4391
        23        22        21        20        19         3         2         1         0         1   23.0217   19.0263   3.16228   1.41421   23.0868    19.105   3.60555   2.82843   23.1948   19.2354   23.3452   22.3607   21.3776   20.3961   19.4165
        24        23        22        21        20         4         3         2         1         0   24.0208    20.025   4.12311         1   24.0832   20.0998   4.47214   3.60555   24.1868   20.2237   24.3311   23.3452   22.3607   21.3776   20.3961
         1   1.41421   2.23607   3.16228   4.12311    20.025   21.0238   22.0227   23.0217   24.0208         0         4        20        24         1   4.12311    20.025   21.0238         2   4.47214         3   3.16228   3.60555   4.24264         5
   4.12311   3.16228   2.23607   1.41421         1   16.0312   17.0294   18.0278   19.0263    20.025         4         0        16        20   4.12311         1   16.0312   17.0294   4.47214         2         5   4.24264   3.60555   3.16228         3
    20.025   19.0263   18.0278   17.0294   16.0312         1   1.41421   2.23607   3.16228   4.12311        20        16         0         4    20.025   16.0312         1   1.41421   20.0998   16.1245   20.2237   19.2354   18.2483   17.2627   16.2788
   24.0208   23.0217   22.0227   21.0238    20.025   4.12311   3.16228   2.23607   1.41421         1        24        20         4         0   24.0208    20.025   4.12311   3.16228   24.0832   20.0998   24.1868   23.1948   22.2036   21.2132   20.2237
         2   2.23607   2.82843   3.60555   4.47214   20.0998    21.095   22.0907   23.0868   24.0832         1   4.12311    20.025   24.0208         0         4        20        21         1   4.12311         2   2.23607   2.82843   3.60555   4.47214
   4.47214   3.60555   2.82843   2.23607         2   16.1245   17.1172   18.1108    19.105   20.0998   4.12311         1   16.0312    20.025         4         0        16        17   4.12311         1   4.47214   3.60555   2.82843   2.23607         2
   20.0998    19.105   18.1108   17.1172   16.1245         2   2.23607   2.82843   3.60555   4.47214    20.025   16.0312         1   4.12311        20        16         0         1    20.025   16.0312   20.0998    19.105   18.1108   17.1172   16.1245
    21.095   20.0998    19.105   18.1108   17.1172   2.23607         2   2.23607   2.82843   3.60555   21.0238   17.0294   1.41421   3.16228        21        17         1         0   21.0238   17.0294    21.095   20.0998    19.105   18.1108   17.1172
         3   3.16228   3.60555   4.24264         5   20.2237   21.2132   22.2036   23.1948   24.1868         2   4.47214   20.0998   24.0832         1   4.12311    20.025   21.0238         0         4         1   1.41421   2.23607   3.16228   4.12311
         5   4.24264   3.60555   3.16228         3   16.2788   17.2627   18.2483   19.2354   20.2237   4.47214         2   16.1245   20.0998   4.12311         1   16.0312   17.0294         4         0   4.12311   3.16228   2.23607   1.41421         1
         4   4.12311   4.47214         5   5.65685   20.3961   21.3776   22.3607   23.3452   24.3311         3         5   20.2237   24.1868         2   4.47214   20.0998    21.095         1   4.12311         0         1         2         3         4
   4.12311         4   4.12311   4.47214         5   19.4165   20.3961   21.3776   22.3607   23.3452   3.16228   4.24264   19.2354   23.1948   2.23607   3.60555    19.105   20.0998   1.41421   3.16228         1         0         1         2         3
   4.47214   4.12311         4   4.12311   4.47214   18.4391   19.4165   20.3961   21.3776   22.3607   3.60555   3.60555   18.2483   22.2036   2.82843   2.82843   18.1108    19.105   2.23607   2.23607         2         1         0         1         2
         5   4.47214   4.12311         4   4.12311   17.4642   18.4391   19.4165   20.3961   21.3776   4.24264   3.16228   17.2627   21.2132   3.60555   2.23607   17.1172   18.1108   3.16228   1.41421         3         2         1         0         1
   5.65685         5   4.47214   4.12311         4   16.4924   17.4642   18.4391   19.4165   20.3961         5         3   16.2788   20.2237   4.47214         2   16.1245   17.1172   4.12311         1         4         3         2         1         0
