         0         1         2         3         4         5         1   5.09902         2   5.38516         3   5.83095         4   9.84886   10.7703   11.7047   12.6491   10.2956        13   10.8167   13.4164   11.4018   12.2066   13.0384   13.8924
         1         0         1         2         3         4   1.41421   4.12311   2.23607   4.47214   3.16228         5   4.12311   8.94427   9.84886   10.7703   11.7047   9.43398    12.083        10     12.53   10.6301   11.4018   12.2066   13.0384
         2         1         0         1         2         3   2.23607   3.16228   2.82843   3.60555   3.60555   4.24264   4.47214   8.06226   8.94427   9.84886   10.7703   8.60233   11.1803   9.21954   11.6619   9.89949   10.6301   11.4018   12.2066
         3         2         1         0         1         2   3.16228   2.23607   3.60555   2.82843   4.24264   3.60555         5    7.2111   8.06226   8.94427   9.84886   7.81025   10.2956   8.48528   10.8167   9.21954   9.89949   10.6301   11.4018
         4         3         2         1         0         1   4.12311   1.41421   4.47214   2.23607         5   3.16228   5.65685   6.40312    7.2111   8.06226   8.94427   7.07107   9.43398   7.81025        10   8.60233   9.21954   9.89949   10.6301
         5         4         3         2         1         0   5.09902         1   5.38516         2   5.83095         3   6.40312   5.65685   6.40312    7.2111   8.06226   6.40312   8.60233    7.2111   9.21954   8.06226   8.60233   9.21954   9.89949
         1   1.41421   2.23607   3.16228   4.12311   5.09902         0         5         1   5.09902         2   5.38516         3   9.48683   10.4403   11.4018   12.3693   9.84886   12.6491   10.2956        13   10.8167   11.6619     12.53   13.4164
   5.09902   4.12311   3.16228   2.23607   1.41421         1         5         0   5.09902         1   5.38516         2   5.83095         5   5.83095    6.7082   7.61577   5.65685   8.06226   6.40312   8.60233    7.2111   7.81025   8.48528   9.21954
         2   2.23607   2.82843   3.60555   4.47214   5.38516         1   5.09902         0         5         1   5.09902         2   9.21954    10.198   11.1803   12.1655   9.48683   12.3693   9.84886   12.6491   10.2956   11.1803    12.083        13
   5.38516   4.47214   3.60555   2.82843   2.23607         2   5.09902         1         5         0   5.09902         1   5.38516   4.47214   5.38516   6.32456   7.28011         5   7.61577   5.65685   8.06226   6.40312   7.07107   7.81025   8.60233
         3   3.16228   3.60555   4.24264         5   5.83095         2   5.38516         1   5.09902         0         5         1   9.05539   10.0499   11.0454   12.0416   9.21954   12.1655   9.48683   12.3693   9.84886   10.7703   11.7047   12.6491
   5.83095         5   4.24264   3.60555   3.16228         3   5.38516         2   5.09902         1         5         0   5.09902   4.12311   5.09902   6.08276   7.07107   4.47214   7.28011         5   7.61577   5.65685   6.40312    7.2111   8.06226
         4   4.12311   4.47214         5   5.65685   6.40312         3   5.83095         2   5.38516         1   5.09902         0         9        10        11        12   9.05539   12.0416   9.21954   12.1655   9.48683   10.4403   11.4018   12.3693
   9.84886   8.94427   8.06226    7.2111   6.40312   5.65685   9.48683         5   9.21954   4.47214   9.05539   4.12311         9         0         1         2         3         1   3.16228         2   3.60555         3   3.16228   3.60555   4.24264
   10.7703   9.84886   8.94427   8.06226    7.2111   6.40312   10.4403   5.83095    10.198   5.38516   10.0499   5.09902        10         1         0         1         2   1.41421   2.23607   2.23607   2.82843   3.16228         3   3.16228   3.60555
   11.7047   10.7703   9.84886   8.94427   8.06226    7.2111   11.4018    6.7082   11.1803   6.32456   11.0454   6.08276        11         2         1         0         1   2.23607   1.41421   2.82843   2.23607   3.60555   3.16228         3   3.16228
   12.6491   11.7047   10.7703   9.84886   8.94427   8.06226   12.3693   7.61577   12.1655   7.28011   12.0416   7.07107        12         3         2         1         0   3.16228         1   3.60555         2   4.24264   3.60555   3.16228         3
   10.2956   9.43398   8.60233   7.81025   7.07107   6.40312   9.84886   5.65685   9.48683         5   9.21954   4.47214   9.05539         1   1.41421   2.23607   3.16228         0         3         1   3.16228         2   2.23607   2.82843   3.60555
        13    12.083   11.1803   10.2956   9.43398   8.60233   12.6491   8.06226   12.3693   7.61577   12.1655   7.28011   12.0416   3.16228   2.23607   1.41421         1         3         0   3.16228         1   3.60555   2.82843   2.23607         2
   10.8167        10   9.21954   8.48528   7.81025    7.2111   10.2956   6.40312   9.84886   5.65685   9.48683         5   9.21954         2   2.23607   2.82843   3.60555         1   3.16228         0         3         1   1.41421   2.23607   3.16228
   13.4164     12.53   11.6619   10.8167        10   9.21954        13   8.60233   12.6491   8.06226   12.3693   7.61577   12.1655   3.60555   2.82843   2.23607         2   3.16228         1         3         0   3.16228   2.23607   1.41421         1
   11.4018   10.6301   9.89949   9.21954   8.60233   8.06226   10.8167    7.2111   10.2956   6.40312   9.84886   5.65685   9.48683         3   3.16228   3.60555   4.24264         2   3.60555         1   3.16228         0         1         2         3
   12.2066   11.4018   10.6301   9.89949   9.21954   8.60233   11.6619   7.81025   11.1803   7.07107   10.7703   6.40312   10.4403   3.16228         3   3.16228   3.60555   2.23607   2.82843   1.41421   2.23607         1         0         1         2
   13.0384   12.2066   11.4018   10.6301   9.89949   9.21954     12.53   8.48528    12.083   7.81025   11.7047    7.2111   11.4018   3.60555   3.16228         3   3.16228   2.82843   2.23607   2.23607   1.41421         2         1         0         1
   13.8924   13.0384   12.2066   11.4018   10.6301   9.89949   13.4164   9.21954        13   8.60233   12.6491   8.06226   12.3693   4.24264   3.60555   3.16228         3   3.60555         2   3.16228         1         3         2         1         0
