         0         1         2         3         4         1   4.12311         2   4.47214         3         5         4   4.12311   4.47214         5   5.65685        10   9.43398   8.94427     8.544   8.24621   10.8167   9.21954   11.6619   11.1803
         1         0         1         2         3   1.41421   3.16228   2.23607   3.60555   3.16228   4.24264   4.12311         4   4.12311   4.47214         5   10.6301        10   9.43398   8.94427     8.544   11.4018   9.48683   12.2066   11.6619
         2         1         0         1         2   2.23607   2.23607   2.82843   2.82843   3.60555   3.60555   4.47214   4.12311         4   4.12311   4.47214   11.3137   10.6301        10   9.43398   8.94427   12.0416   9.84886   12.8062   12.2066
         3         2         1         0         1   3.16228   1.41421   3.60555   2.23607   4.24264   3.16228         5   4.47214   4.12311         4   4.12311   12.0416   11.3137   10.6301        10   9.43398   12.7279   10.2956   13.4536   12.8062
         4         3         2         1         0   4.12311         1   4.47214         2         5         3   5.65685         5   4.47214   4.12311         4   12.8062   12.0416   11.3137   10.6301        10   13.4536   10.8167   14.1421   13.4536
         1   1.41421   2.23607   3.16228   4.12311         0         4         1   4.12311         2   4.47214         3   3.16228   3.60555   4.24264         5   9.21954   8.60233   8.06226   7.61577   7.28011        10   8.24621   10.8167   10.2956
   4.12311   3.16228   2.23607   1.41421         1         4         0   4.12311         1   4.47214         2         5   4.24264   3.60555   3.16228         3   12.2066   11.4018   10.6301   9.89949   9.21954   12.8062        10   13.4536   12.7279
         2   2.23607   2.82843   3.60555   4.47214         1   4.12311         0         4         1   4.12311         2   2.23607   2.82843   3.60555   4.47214   8.48528   7.81025    7.2111    6.7082   6.32456   9.21954   7.28011        10   9.43398
   4.47214   3.60555   2.82843   2.23607         2   4.12311         1         4         0   4.12311         1   4.47214   3.60555   2.82843   2.23607         2   11.6619   10.8167        10   9.21954   8.48528   12.2066   9.21954   12.8062   12.0416
         3   3.16228   3.60555   4.24264         5         2   4.47214         1   4.12311         0         4         1   1.41421   2.23607   3.16228   4.12311   7.81025   7.07107   6.40312   5.83095   5.38516   8.48528   6.32456   9.21954   8.60233
         5   4.24264   3.60555   3.16228         3   4.47214         2   4.12311         1         4         0   4.12311   3.16228   2.23607   1.41421         1   11.1803   10.2956   9.43398   8.60233   7.81025   11.6619   8.48528   12.2066   11.4018
         4   4.12311   4.47214         5   5.65685         3         5         2   4.47214         1   4.12311         0         1         2         3         4    7.2111   6.40312   5.65685         5   4.47214   7.81025   5.38516   8.48528   7.81025
   4.12311         4   4.12311   4.47214         5   3.16228   4.24264   2.23607   3.60555   1.41421   3.16228         1         0         1         2         3   8.06226    7.2111   6.40312   5.65685         5   8.60233   5.83095   9.21954   8.48528
   4.47214   4.12311         4   4.12311   4.47214   3.60555   3.60555   2.82843   2.82843   2.23607   2.23607         2         1         0         1         2   8.94427   8.06226    7.2111   6.40312   5.65685   9.43398   6.40312        10   9.21954
         5   4.47214   4.12311         4   4.12311   4.24264   3.16228   3.60555   2.23607   3.16228   1.41421         3         2         1         0         1   9.84886   8.94427   8.06226    7.2111   6.40312   10.2956   7.07107   10.8167        10
   5.65685         5   4.47214   4.12311         4         5         3   4.47214         2   4.12311         1         4         3         2         1         0   10.7703   9.84886   8.94427   8.06226    7.2111   11.1803   7.81025   11.6619   10.8167
        10   10.6301   11.3137   12.0416   12.8062   9.21954   12.2066   8.48528   11.6619   7.81025   11.1803    7.2111   8.06226   8.94427   9.84886   10.7703         0         1         2         3         4         1   4.12311         2   2.23607
   9.43398        10   10.6301   11.3137   12.0416   8.60233   11.4018   7.81025   10.8167   7.07107   10.2956   6.40312    7.2111   8.06226   8.94427   9.84886         1         0         1         2         3   1.41421   3.16228   2.23607         2
   8.94427   9.43398        10   10.6301   11.3137   8.06226   10.6301    7.2111        10   6.40312   9.43398   5.65685   6.40312    7.2111   8.06226   8.94427         2         1         0         1         2   2.23607   2.23607   2.82843   2.23607
     8.544   8.94427   9.43398        10   10.6301   7.61577   9.89949    6.7082   9.21954   5.83095   8.60233         5   5.65685   6.40312    7.2111   8.06226         3         2         1         0         1   3.16228   1.41421   3.60555   2.82843
   8.24621     8.544   8.94427   9.43398        10   7.28011   9.21954   6.32456   8.48528   5.38516   7.81025   4.47214         5   5.65685   6.40312    7.2111         4         3         2         1         0   4.12311         1   4.47214   3.60555
   10.8167   11.4018   12.0416   12.7279   13.4536        10   12.8062   9.21954   12.2066   8.48528   11.6619   7.81025   8.60233   9.43398   10.2956   11.1803         1   1.41421   2.23607   3.16228   4.12311         0         4         1   1.41421
   9.21954   9.48683   9.84886   10.2956   10.8167   8.24621        10   7.28011   9.21954   6.32456   8.48528   5.38516   5.83095   6.40312   7.07107   7.81025   4.12311   3.16228   2.23607   1.41421         1         4         0   4.12311   3.16228
   11.6619   12.2066   12.8062   13.4536   14.1421   10.8167   13.4536        10   12.8062   9.21954   12.2066   8.48528   9.21954        10   10.8167   11.6619         2   2.23607   2.82843   3.60555   4.47214         1   4.12311         0         1
   11.1803   11.6619   12.2066   12.8062   13.4536   10.2956   12.7279   9.43398   12.0416   8.60233   11.4018   7.81025   8.48528   9.21954        10   10.8167   2.23607         2   2.23607   2.82843   3.60555   1.41421   3.16228         1         0
