         0         1         2         3         4         1   4.12311   28.4429   27.4591   26.4764   25.4951   24.5153   28.6356   24.7386   28.8617        25   29.1204   25.2982   29.4109    25.632   29.7321   28.7924   27.8568   26.9258        26
         1         0         1         2         3   1.41421   3.16228   29.4279   28.4429   27.4591   26.4764   25.4951   29.6142   25.7099   29.8329   25.9615   30.0832   26.2488   30.3645   26.5707   30.6757   29.7321   28.7924   27.8568   26.9258
         2         1         0         1         2   2.23607   2.23607   30.4138   29.4279   28.4429   27.4591   26.4764   30.5941   26.6833   30.8058   26.9258   31.0483   27.2029   31.3209   27.5136   31.6228   30.6757   29.7321   28.7924   27.8568
         3         2         1         0         1   3.16228   1.41421   31.4006   30.4138   29.4279   28.4429   27.4591   31.5753   27.6586   31.7805   27.8927   32.0156   28.1603     32.28   28.4605    32.573   31.6228   30.6757   29.7321   28.7924
         4         3         2         1         0   4.12311         1   32.3883   31.4006   30.4138   29.4279   28.4429   32.5576   28.6356   32.7567   28.8617   32.9848   29.1204   33.2415   29.4109   33.5261    32.573   31.6228   30.6757   29.7321
         1   1.41421   2.23607   3.16228   4.12311         0         4   28.2843   27.2947   26.3059    25.318   24.3311   28.4429   24.5153   28.6356   24.7386   28.8617        25   29.1204   25.2982   29.4109   28.4605   27.5136   26.5707    25.632
   4.12311   3.16228   2.23607   1.41421         1         4         0    32.249    31.257   30.2655   29.2746   28.2843   32.3883   28.4429   32.5576   28.6356   32.7567   28.8617   32.9848   29.1204   33.2415     32.28   31.3209   30.3645   29.4109
   28.4429   29.4279   30.4138   31.4006   32.3883   28.2843    32.249         0         1         2         3         4         1   4.12311         2   4.47214         3         5         4   5.65685         5   5.09902   5.38516   5.83095   6.40312
   27.4591   28.4429   29.4279   30.4138   31.4006   27.2947    31.257         1         0         1         2         3   1.41421   3.16228   2.23607   3.60555   3.16228   4.24264   4.12311         5   5.09902         5   5.09902   5.38516   5.83095
   26.4764   27.4591   28.4429   29.4279   30.4138   26.3059   30.2655         2         1         0         1         2   2.23607   2.23607   2.82843   2.82843   3.60555   3.60555   4.47214   4.47214   5.38516   5.09902         5   5.09902   5.38516
   25.4951   26.4764   27.4591   28.4429   29.4279    25.318   29.2746         3         2         1         0         1   3.16228   1.41421   3.60555   2.23607   4.24264   3.16228         5   4.12311   5.83095   5.38516   5.09902         5   5.09902
   24.5153   25.4951   26.4764   27.4591   28.4429   24.3311   28.2843         4         3         2         1         0   4.12311         1   4.47214         2         5         3   5.65685         4   6.40312   5.83095   5.38516   5.09902         5
   28.6356   29.6142   30.5941   31.5753   32.5576   28.4429   32.3883         1   1.41421   2.23607   3.16228   4.12311         0         4         1   4.12311         2   4.47214         3         5         4   4.12311   4.47214         5   5.65685
   24.7386   25.7099   26.6833   27.6586   28.6356   24.5153   28.4429   4.12311   3.16228   2.23607   1.41421         1         4         0   4.12311         1   4.47214         2         5         3   5.65685         5   4.47214   4.12311         4
   28.8617   29.8329   30.8058   31.7805   32.7567   28.6356   32.5576         2   2.23607   2.82843   3.60555   4.47214         1   4.12311         0         4         1   4.12311         2   4.47214         3   3.16228   3.60555   4.24264         5
        25   25.9615   26.9258   27.8927   28.8617   24.7386   28.6356   4.47214   3.60555   2.82843   2.23607         2   4.12311         1         4         0   4.12311         1   4.47214         2         5   4.24264   3.60555   3.16228         3
   29.1204   30.0832   31.0483   32.0156   32.9848   28.8617   32.7567         3   3.16228   3.60555   4.24264         5         2   4.47214         1   4.12311         0         4         1   4.12311         2   2.23607   2.82843   3.60555   4.47214
   25.2982   26.2488   27.2029   28.1603   29.1204        25   28.8617         5   4.24264   3.60555   3.16228         3   4.47214         2   4.12311         1         4         0   4.12311         1   4.47214   3.60555   2.82843   2.23607         2
   29.4109   30.3645   31.3209     32.28   33.2415   29.1204   32.9848         4   4.12311   4.47214         5   5.65685         3         5         2   4.47214         1   4.12311         0         4         1   1.41421   2.23607   3.16228   4.12311
    25.632   26.5707   27.5136   28.4605   29.4109   25.2982   29.1204   5.65685         5   4.47214   4.12311         4         5         3   4.47214         2   4.12311         1         4         0   4.12311   3.16228   2.23607   1.41421         1
   29.7321   30.6757   31.6228    32.573   33.5261   29.4109   33.2415         5   5.09902   5.38516   5.83095   6.40312         4   5.65685         3         5         2   4.47214         1   4.12311         0         1         2         3         4
   28.7924   29.7321   30.6757   31.6228    32.573   28.4605     32.28   5.09902         5   5.09902   5.38516   5.83095   4.12311         5   3.16228   4.24264   2.23607   3.60555   1.41421   3.16228         1         0         1         2         3
   27.8568   28.7924   29.7321   30.6757   31.6228   27.5136   31.3209   5.38516   5.09902         5   5.09902   5.38516   4.47214   4.47214   3.60555   3.60555   2.82843   2.82843   2.23607   2.23607         2         1         0         1         2
   26.9258   27.8568   28.7924   29.7321   30.6757   26.5707   30.3645   5.83095   5.38516   5.09902         5   5.09902         5   4.12311   4.24264   3.16228   3.60555   2.23607   3.16228   1.41421         3         2         1         0         1
        26   26.9258   27.8568   28.7924   29.7321    25.632   29.4109   6.40312   5.83095   5.38516   5.09902         5   5.65685         4         5         3   4.47214         2   4.12311         1         4         3         2         1         0
