         0         1         2         3         4         5         1   5.09902         2   5.38516         3   3.16228   3.60555   4.24264         5   5.83095         8   8.06226   8.24621     8.544   8.94427   9.43398         9   10.2956        10
         1         0         1         2         3         4   1.41421   4.12311   2.23607   4.47214   3.16228         3   3.16228   3.60555   4.24264         5   8.06226         8   8.06226   8.24621     8.544   8.94427   9.05539   9.84886   10.0499
         2         1         0         1         2         3   2.23607   3.16228   2.82843   3.60555   3.60555   3.16228         3   3.16228   3.60555   4.24264   8.24621   8.06226         8   8.06226   8.24621     8.544   9.21954   9.48683    10.198
         3         2         1         0         1         2   3.16228   2.23607   3.60555   2.82843   4.24264   3.60555   3.16228         3   3.16228   3.60555     8.544   8.24621   8.06226         8   8.06226   8.24621   9.48683   9.21954   10.4403
         4         3         2         1         0         1   4.12311   1.41421   4.47214   2.23607         5   4.24264   3.60555   3.16228         3   3.16228   8.94427     8.544   8.24621   8.06226         8   8.06226   9.84886   9.05539   10.7703
         5         4         3         2         1         0   5.09902         1   5.38516         2   5.83095         5   4.24264   3.60555   3.16228         3   9.43398   8.94427     8.544   8.24621   8.06226         8   10.2956         9   11.1803
         1   1.41421   2.23607   3.16228   4.12311   5.09902         0         5         1   5.09902         2   2.23607   2.82843   3.60555   4.47214   5.38516         7   7.07107   7.28011   7.61577   8.06226   8.60233         8   9.43398         9
   5.09902   4.12311   3.16228   2.23607   1.41421         1         5         0   5.09902         1   5.38516   4.47214   3.60555   2.82843   2.23607         2   8.60233   8.06226   7.61577   7.28011   7.07107         7   9.43398         8   10.2956
         2   2.23607   2.82843   3.60555   4.47214   5.38516         1   5.09902         0         5         1   1.41421   2.23607   3.16228   4.12311   5.09902         6   6.08276   6.32456    6.7082    7.2111   7.81025         7   8.60233         8
   5.38516   4.47214   3.60555   2.82843   2.23607         2   5.09902         1         5         0   5.09902   4.12311   3.16228   2.23607   1.41421         1   7.81025    7.2111    6.7082   6.32456   6.08276         6   8.60233         7   9.43398
         3   3.16228   3.60555   4.24264         5   5.83095         2   5.38516         1   5.09902         0         1         2         3         4         5         5   5.09902   5.38516   5.83095   6.40312   7.07107         6   7.81025         7
   3.16228         3   3.16228   3.60555   4.24264         5   2.23607   4.47214   1.41421   4.12311         1         0         1         2         3         4   5.09902         5   5.09902   5.38516   5.83095   6.40312   6.08276    7.2111   7.07107
   3.60555   3.16228         3   3.16228   3.60555   4.24264   2.82843   3.60555   2.23607   3.16228         2         1         0         1         2         3   5.38516   5.09902         5   5.09902   5.38516   5.83095   6.32456    6.7082   7.28011
   4.24264   3.60555   3.16228         3   3.16228   3.60555   3.60555   2.82843   3.16228   2.23607         3         2         1         0         1         2   5.83095   5.38516   5.09902         5   5.09902   5.38516    6.7082   6.32456   7.61577
         5   4.24264   3.60555   3.16228         3   3.16228   4.47214   2.23607   4.12311   1.41421         4         3         2         1         0         1   6.40312   5.83095   5.38516   5.09902         5   5.09902    7.2111   6.08276   8.06226
   5.83095         5   4.24264   3.60555   3.16228         3   5.38516         2   5.09902         1         5         4         3         2         1         0   7.07107   6.40312   5.83095   5.38516   5.09902         5   7.81025         6   8.60233
         8   8.06226   8.24621     8.544   8.94427   9.43398         7   8.60233         6   7.81025         5   5.09902   5.38516   5.83095   6.40312   7.07107         0         1         2         3         4         5         1   5.09902         2
   8.06226         8   8.06226   8.24621     8.544   8.94427   7.07107   8.06226   6.08276    7.2111   5.09902         5   5.09902   5.38516   5.83095   6.40312         1         0         1         2         3         4   1.41421   4.12311   2.23607
   8.24621   8.06226         8   8.06226   8.24621     8.544   7.28011   7.61577   6.32456    6.7082   5.38516   5.09902         5   5.09902   5.38516   5.83095         2         1         0         1         2         3   2.23607   3.16228   2.82843
     8.544   8.24621   8.06226         8   8.06226   8.24621   7.61577   7.28011    6.7082   6.32456   5.83095   5.38516   5.09902         5   5.09902   5.38516         3         2         1         0         1         2   3.16228   2.23607   3.60555
   8.94427     8.544   8.24621   8.06226         8   8.06226   8.06226   7.07107    7.2111   6.08276   6.40312   5.83095   5.38516   5.09902         5   5.09902         4         3         2         1         0         1   4.12311   1.41421   4.47214
   9.43398   8.94427     8.544   8.24621   8.06226         8   8.60233         7   7.81025         6   7.07107   6.40312   5.83095   5.38516   5.09902         5         5         4         3         2         1         0   5.09902         1   5.38516
         9   9.05539   9.21954   9.48683   9.84886   10.2956         8   9.43398         7   8.60233         6   6.08276   6.32456    6.7082    7.2111   7.81025         1   1.41421   2.23607   3.16228   4.12311   5.09902         0         5         1
   10.2956   9.84886   9.48683   9.21954   9.05539         9   9.43398         8   8.60233         7   7.81025    7.2111    6.7082   6.32456   6.08276         6   5.09902   4.12311   3.16228   2.23607   1.41421         1         5         0   5.09902
        10   10.0499    10.198   10.4403   10.7703   11.1803         9   10.2956         8   9.43398         7   7.07107   7.28011   7.61577   8.06226   8.60233         2   2.23607   2.82843   3.60555   4.47214   5.38516         1   5.09902         0
