         0         1         2         3         4         5         1   5.09902         2   2.23607   2.82843   3.60555   4.47214   5.38516   13.1529   14.1421   15.1327   16.1245   17.1172   18.1108   13.3417   18.2483   13.6015   18.4391   13.9284   18.6815   14.3178   15.2315   16.1555    17.088   18.0278   18.9737   30.8058   31.7805   32.7567   33.7343   31.0483   33.9559   31.3209   34.2053   31.6228   34.4819   11.4018   11.1803   31.9531   34.7851    32.311   33.2415    34.176   35.1141
         1         0         1         2         3         4   1.41421   4.12311   2.23607         2   2.23607   2.82843   3.60555   4.47214   12.1655   13.1529   14.1421   15.1327   16.1245   17.1172   12.3693   17.2627   12.6491   17.4642        13     17.72   13.4164   14.3178   15.2315   16.1555    17.088   18.0278   29.8329   30.8058   31.7805   32.7567   30.0832   32.9848   30.3645   33.2415   30.6757   33.5261   11.7047   11.4018   31.0161   33.8378   31.3847    32.311   33.2415    34.176
         2         1         0         1         2         3   2.23607   3.16228   2.82843   2.23607         2   2.23607   2.82843   3.60555   11.1803   12.1655   13.1529   14.1421   15.1327   16.1245   11.4018   16.2788   11.7047   16.4924    12.083   16.7631     12.53   13.4164   14.3178   15.2315   16.1555    17.088   28.8617   29.8329   30.8058   31.7805   29.1204   32.0156   29.4109     32.28   29.7321    32.573    12.083   11.7047   30.0832   32.8938   30.4631   31.3847    32.311   33.2415
         3         2         1         0         1         2   3.16228   2.23607   3.60555   2.82843   2.23607         2   2.23607   2.82843    10.198   11.1803   12.1655   13.1529   14.1421   15.1327   10.4403   15.2971   10.7703   15.5242   11.1803   15.8114   11.6619     12.53   13.4164   14.3178   15.2315   16.1555   27.8927   28.8617   29.8329   30.8058   28.1603   31.0483   28.4605   31.3209   28.7924   31.6228     12.53    12.083   29.1548   31.9531   29.5466   30.4631   31.3847    32.311
         4         3         2         1         0         1   4.12311   1.41421   4.47214   3.60555   2.82843   2.23607         2   2.23607   9.21954    10.198   11.1803   12.1655   13.1529   14.1421   9.48683   14.3178   9.84886   14.5602   10.2956   14.8661   10.8167   11.6619     12.53   13.4164   14.3178   15.2315   26.9258   27.8927   28.8617   29.8329   27.2029   30.0832   27.5136   30.3645   27.8568   30.6757   13.0384     12.53   28.2312   31.0161   28.6356   29.5466   30.4631   31.3847
         5         4         3         2         1         0   5.09902         1   5.38516   4.47214   3.60555   2.82843   2.23607         2   8.24621   9.21954    10.198   11.1803   12.1655   13.1529     8.544   13.3417   8.94427   13.6015   9.43398   13.9284        10   10.8167   11.6619     12.53   13.4164   14.3178   25.9615   26.9258   27.8927   28.8617   26.2488   29.1204   26.5707   29.4109   26.9258   29.7321   13.6015   13.0384    27.313   30.0832   27.7308   28.6356   29.5466   30.4631
         1   1.41421   2.23607   3.16228   4.12311   5.09902         0         5         1   1.41421   2.23607   3.16228   4.12311   5.09902   13.0384   14.0357   15.0333   16.0312   17.0294   18.0278   13.1529   18.1108   13.3417   18.2483   13.6015   18.4391   13.9284   14.8661   15.8114   16.7631     17.72   18.6815   30.5941   31.5753   32.5576    33.541   30.8058   33.7343   31.0483   33.9559   31.3209   34.2053   10.4403    10.198   31.6228   34.4819   31.9531   32.8938   33.8378   34.7851
   5.09902   4.12311   3.16228   2.23607   1.41421         1         5         0   5.09902   4.12311   3.16228   2.23607   1.41421         1   8.06226   9.05539   10.0499   11.0454   12.0416   13.0384   8.24621   13.1529     8.544   13.3417   8.94427   13.6015   9.43398   10.2956   11.1803    12.083        13   13.9284   25.7099   26.6833   27.6586   28.6356   25.9615   28.8617   26.2488   29.1204   26.5707   29.4109   12.8062   12.2066   26.9258   29.7321    27.313   28.2312   29.1548   30.0832
         2   2.23607   2.82843   3.60555   4.47214   5.38516         1   5.09902         0         1         2         3         4         5        13        14        15        16        17        18   13.0384   18.0278   13.1529   18.1108   13.3417   18.2483   13.6015   14.5602   15.5242   16.4924   17.4642   18.4391   30.4138   31.4006   32.3883   33.3766   30.5941    33.541   30.8058   33.7343   31.0483   33.9559   9.48683   9.21954   31.3209   34.2053   31.6228    32.573   33.5261   34.4819
   2.23607         2   2.23607   2.82843   3.60555   4.47214   1.41421   4.12311         1         0         1         2         3         4        12        13        14        15        16        17   12.0416   17.0294   12.1655   17.1172   12.3693   17.2627   12.6491   13.6015   14.5602   15.5242   16.4924   17.4642   29.4279   30.4138   31.4006   32.3883   29.6142   32.5576   29.8329   32.7567   30.0832   32.9848   9.84886   9.48683   30.3645   33.2415   30.6757   31.6228    32.573   33.5261
   2.82843   2.23607         2   2.23607   2.82843   3.60555   2.23607   3.16228         2         1         0         1         2         3        11        12        13        14        15        16   11.0454   16.0312   11.1803   16.1245   11.4018   16.2788   11.7047   12.6491   13.6015   14.5602   15.5242   16.4924   28.4429   29.4279   30.4138   31.4006   28.6356   31.5753   28.8617   31.7805   29.1204   32.0156   10.2956   9.84886   29.4109     32.28   29.7321   30.6757   31.6228    32.573
   3.60555   2.82843   2.23607         2   2.23607   2.82843   3.16228   2.23607         3         2         1         0         1         2        10        11        12        13        14        15   10.0499   15.0333    10.198   15.1327   10.4403   15.2971   10.7703   11.7047   12.6491   13.6015   14.5602   15.5242   27.4591   28.4429   29.4279   30.4138   27.6586   30.5941   27.8927   30.8058   28.1603   31.0483   10.8167   10.2956   28.4605   31.3209   28.7924   29.7321   30.6757   31.6228
   4.47214   3.60555   2.82843   2.23607         2   2.23607   4.12311   1.41421         4         3         2         1         0         1         9        10        11        12        13        14   9.05539   14.0357   9.21954   14.1421   9.48683   14.3178   9.84886   10.7703   11.7047   12.6491   13.6015   14.5602   26.4764   27.4591   28.4429   29.4279   26.6833   29.6142   26.9258   29.8329   27.2029   30.0832   11.4018   10.8167   27.5136   30.3645   27.8568   28.7924   29.7321   30.6757
   5.38516   4.47214   3.60555   2.82843   2.23607         2   5.09902         1         5         4         3         2         1         0         8         9        10        11        12        13   8.06226   13.0384   8.24621   13.1529     8.544   13.3417   8.94427   9.84886   10.7703   11.7047   12.6491   13.6015   25.4951   26.4764   27.4591   28.4429   25.7099   28.6356   25.9615   28.8617   26.2488   29.1204   12.0416   11.4018   26.5707   29.4109   26.9258   27.8568   28.7924   29.7321
   13.1529   12.1655   11.1803    10.198   9.21954   8.24621   13.0384   8.06226        13        12        11        10         9         8         0         1         2         3         4         5         1   5.09902         2   5.38516         3   5.83095         4   4.12311   4.47214         5   5.65685   6.40312     17.72   18.6815   19.6469   20.6155   18.0278   20.8806   18.3848   21.1896   18.7883   21.5407   18.3576   17.4929   19.2354   21.9317   19.7231   20.5913   21.4709   22.3607
   14.1421   13.1529   12.1655   11.1803    10.198   9.21954   14.0357   9.05539        14        13        12        11        10         9         1         0         1         2         3         4   1.41421   4.12311   2.23607   4.47214   3.16228         5   4.12311         4   4.12311   4.47214         5   5.65685   16.7631     17.72   18.6815   19.6469    17.088   19.9249   17.4642   20.2485   17.8885   20.6155   19.2354   18.3576   18.3576   21.0238    18.868   19.7231   20.5913   21.4709
   15.1327   14.1421   13.1529   12.1655   11.1803    10.198   15.0333   10.0499        15        14        13        12        11        10         2         1         0         1         2         3   2.23607   3.16228   2.82843   3.60555   3.60555   4.24264   4.47214   4.12311         4   4.12311   4.47214         5   15.8114   16.7631     17.72   18.6815   16.1555   18.9737   16.5529   19.3132        17   19.6977   20.1246   19.2354   17.4929   20.1246   18.0278    18.868   19.7231   20.5913
   16.1245   15.1327   14.1421   13.1529   12.1655   11.1803   16.0312   11.0454        16        15        14        13        12        11         3         2         1         0         1         2   3.16228   2.23607   3.60555   2.82843   4.24264   3.60555         5   4.47214   4.12311         4   4.12311   4.47214   14.8661   15.8114   16.7631     17.72   15.2315   18.0278   15.6525   18.3848   16.1245   18.7883   21.0238   20.1246   16.6433   19.2354   17.2047   18.0278    18.868   19.7231
   17.1172   16.1245   15.1327   14.1421   13.1529   12.1655   17.0294   12.0416        17        16        15        14        13        12         4         3         2         1         0         1   4.12311   1.41421   4.47214   2.23607         5   3.16228   5.65685         5   4.47214   4.12311         4   4.12311   13.9284   14.8661   15.8114   16.7631   14.3178    17.088   14.7648   17.4642   15.2643   17.8885   21.9317   21.0238   15.8114   18.3576   16.4012   17.2047   18.0278    18.868
   18.1108   17.1172   16.1245   15.1327   14.1421   13.1529   18.0278   13.0384        18        17        16        15        14        13         5         4         3         2         1         0   5.09902         1   5.38516         2   5.83095         3   6.40312   5.65685         5   4.47214   4.12311         4        13   13.9284   14.8661   15.8114   13.4164   16.1555   13.8924   16.5529   14.4222        17   22.8473   21.9317        15   17.4929   15.6205   16.4012   17.2047   18.0278
   13.3417   12.3693   11.4018   10.4403   9.48683     8.544   13.1529   8.24621   13.0384   12.0416   11.0454   10.0499   9.05539   8.06226         1   1.41421   2.23607   3.16228   4.12311   5.09902         0         5         1   5.09902         2   5.38516         3   3.16228   3.60555   4.24264         5   5.83095   17.4642   18.4391   19.4165   20.3961     17.72   20.6155   18.0278   20.8806   18.3848   21.1896   17.8885        17   18.7883   21.5407   19.2354   20.1246   21.0238   21.9317
   18.2483   17.2627   16.2788   15.2971   14.3178   13.3417   18.1108   13.1529   18.0278   17.0294   16.0312   15.0333   14.0357   13.0384   5.09902   4.12311   3.16228   2.23607   1.41421         1         5         0   5.09902         1   5.38516         2   5.83095         5   4.24264   3.60555   3.16228         3   12.6491   13.6015   14.5602   15.5242        13   15.8114   13.4164   16.1555   13.8924   16.5529   22.4722   21.5407   14.4222        17        15   15.8114   16.6433   17.4929
   13.6015   12.6491   11.7047   10.7703   9.84886   8.94427   13.3417     8.544   13.1529   12.1655   11.1803    10.198   9.21954   8.24621         2   2.23607   2.82843   3.60555   4.47214   5.38516         1   5.09902         0         5         1   5.09902         2   2.23607   2.82843   3.60555   4.47214   5.38516   17.2627   18.2483   19.2354   20.2237   17.4642   20.3961     17.72   20.6155   18.0278   20.8806   17.4642   16.5529   18.3848   21.1896   18.7883   19.6977   20.6155   21.5407
   18.4391   17.4642   16.4924   15.5242   14.5602   13.6015   18.2483   13.3417   18.1108   17.1172   16.1245   15.1327   14.1421   13.1529   5.38516   4.47214   3.60555   2.82843   2.23607         2   5.09902         1         5         0   5.09902         1   5.38516   4.47214   3.60555   2.82843   2.23607         2   12.3693   13.3417   14.3178   15.2971   12.6491   15.5242        13   15.8114   13.4164   16.1555   22.1359   21.1896   13.8924   16.5529   14.4222   15.2643   16.1245        17
   13.9284        13    12.083   11.1803   10.2956   9.43398   13.6015   8.94427   13.3417   12.3693   11.4018   10.4403   9.48683     8.544         3   3.16228   3.60555   4.24264         5   5.83095         2   5.38516         1   5.09902         0         5         1   1.41421   2.23607   3.16228   4.12311   5.09902   17.1172   18.1108    19.105   20.0998   17.2627   20.2237   17.4642   20.3961     17.72   20.6155    17.088   16.1555   18.0278   20.8806   18.3848   19.3132   20.2485   21.1896
   18.6815     17.72   16.7631   15.8114   14.8661   13.9284   18.4391   13.6015   18.2483   17.2627   16.2788   15.2971   14.3178   13.3417   5.83095         5   4.24264   3.60555   3.16228         3   5.38516         2   5.09902         1         5         0   5.09902   4.12311   3.16228   2.23607   1.41421         1   12.1655   13.1529   14.1421   15.1327   12.3693   15.2971   12.6491   15.5242        13   15.8114   21.8403   20.8806   13.4164   16.1555   13.8924   14.7648   15.6525   16.5529
   14.3178   13.4164     12.53   11.6619   10.8167        10   13.9284   9.43398   13.6015   12.6491   11.7047   10.7703   9.84886   8.94427         4   4.12311   4.47214         5   5.65685   6.40312         3   5.83095         2   5.38516         1   5.09902         0         1         2         3         4         5   17.0294   18.0278   19.0263    20.025   17.1172   20.0998   17.2627   20.2237   17.4642   20.3961   16.7631   15.8114     17.72   20.6155   18.0278   18.9737   19.9249   20.8806
   15.2315   14.3178   13.4164     12.53   11.6619   10.8167   14.8661   10.2956   14.5602   13.6015   12.6491   11.7047   10.7703   9.84886   4.12311         4   4.12311   4.47214         5   5.65685   3.16228         5   2.23607   4.47214   1.41421   4.12311         1         0         1         2         3         4   16.0312   17.0294   18.0278   19.0263   16.1245    19.105   16.2788   19.2354   16.4924   19.4165     17.72   16.7631   16.7631   19.6469    17.088   18.0278   18.9737   19.9249
   16.1555   15.2315   14.3178   13.4164     12.53   11.6619   15.8114   11.1803   15.5242   14.5602   13.6015   12.6491   11.7047   10.7703   4.47214   4.12311         4   4.12311   4.47214         5   3.60555   4.24264   2.82843   3.60555   2.23607   3.16228         2         1         0         1         2         3   15.0333   16.0312   17.0294   18.0278   15.1327   18.1108   15.2971   18.2483   15.5242   18.4391   18.6815     17.72   15.8114   18.6815   16.1555    17.088   18.0278   18.9737
    17.088   16.1555   15.2315   14.3178   13.4164     12.53   16.7631    12.083   16.4924   15.5242   14.5602   13.6015   12.6491   11.7047         5   4.47214   4.12311         4   4.12311   4.47214   4.24264   3.60555   3.60555   2.82843   3.16228   2.23607         3         2         1         0         1         2   14.0357   15.0333   16.0312   17.0294   14.1421   17.1172   14.3178   17.2627   14.5602   17.4642   19.6469   18.6815   14.8661     17.72   15.2315   16.1555    17.088   18.0278
   18.0278    17.088   16.1555   15.2315   14.3178   13.4164     17.72        13   17.4642   16.4924   15.5242   14.5602   13.6015   12.6491   5.65685         5   4.47214   4.12311         4   4.12311         5   3.16228   4.47214   2.23607   4.12311   1.41421         4         3         2         1         0         1   13.0384   14.0357   15.0333   16.0312   13.1529   16.1245   13.3417   16.2788   13.6015   16.4924   20.6155   19.6469   13.9284   16.7631   14.3178   15.2315   16.1555    17.088
   18.9737   18.0278    17.088   16.1555   15.2315   14.3178   18.6815   13.9284   18.4391   17.4642   16.4924   15.5242   14.5602   13.6015   6.40312   5.65685         5   4.47214   4.12311         4   5.83095         3   5.38516         2   5.09902         1         5         4         3         2         1         0   12.0416   13.0384   14.0357   15.0333   12.1655   15.1327   12.3693   15.2971   12.6491   15.5242    21.587   20.6155        13   15.8114   13.4164   14.3178   15.2315   16.1555
   30.8058   29.8329   28.8617   27.8927   26.9258   25.9615   30.5941   25.7099   30.4138   29.4279   28.4429   27.4591   26.4764   25.4951     17.72   16.7631   15.8114   14.8661   13.9284        13   17.4642   12.6491   17.2627   12.3693   17.1172   12.1655   17.0294   16.0312   15.0333   14.0357   13.0384   12.0416         0         1         2         3         1   3.16228         2   3.60555         3   4.24264   33.2415    32.249         4         5         5   5.09902   5.38516   5.83095
   31.7805   30.8058   29.8329   28.8617   27.8927   26.9258   31.5753   26.6833   31.4006   30.4138   29.4279   28.4429   27.4591   26.4764   18.6815     17.72   16.7631   15.8114   14.8661   13.9284   18.4391   13.6015   18.2483   13.3417   18.1108   13.1529   18.0278   17.0294   16.0312   15.0333   14.0357   13.0384         1         0         1         2   1.41421   2.23607   2.23607   2.82843   3.16228   3.60555   34.2345   33.2415   4.12311   4.47214   5.09902         5   5.09902   5.38516
   32.7567   31.7805   30.8058   29.8329   28.8617   27.8927   32.5576   27.6586   32.3883   31.4006   30.4138   29.4279   28.4429   27.4591   19.6469   18.6815     17.72   16.7631   15.8114   14.8661   19.4165   14.5602   19.2354   14.3178    19.105   14.1421   19.0263   18.0278   17.0294   16.0312   15.0333   14.0357         2         1         0         1   2.23607   1.41421   2.82843   2.23607   3.60555   3.16228   35.2278   34.2345   4.47214   4.12311   5.38516   5.09902         5   5.09902
   33.7343   32.7567   31.7805   30.8058   29.8329   28.8617    33.541   28.6356   33.3766   32.3883   31.4006   30.4138   29.4279   28.4429   20.6155   19.6469   18.6815     17.72   16.7631   15.8114   20.3961   15.5242   20.2237   15.2971   20.0998   15.1327    20.025   19.0263   18.0278   17.0294   16.0312   15.0333         3         2         1         0   3.16228         1   3.60555         2   4.24264         3   36.2215   35.2278         5         4   5.83095   5.38516   5.09902         5
   31.0483   30.0832   29.1204   28.1603   27.2029   26.2488   30.8058   25.9615   30.5941   29.6142   28.6356   27.6586   26.6833   25.7099   18.0278    17.088   16.1555   15.2315   14.3178   13.4164     17.72        13   17.4642   12.6491   17.2627   12.3693   17.1172   16.1245   15.1327   14.1421   13.1529   12.1655         1   1.41421   2.23607   3.16228         0         3         1   3.16228         2   3.60555   33.1361   32.1403         3   4.24264         4   4.12311   4.47214         5
   33.9559   32.9848   32.0156   31.0483   30.0832   29.1204   33.7343   28.8617    33.541   32.5576   31.5753   30.5941   29.6142   28.6356   20.8806   19.9249   18.9737   18.0278    17.088   16.1555   20.6155   15.8114   20.3961   15.5242   20.2237   15.2971   20.0998    19.105   18.1108   17.1172   16.1245   15.1327   3.16228   2.23607   1.41421         1         3         0   3.16228         1   3.60555         2   36.1248   35.1283   4.24264         3         5   4.47214   4.12311         4
   31.3209   30.3645   29.4109   28.4605   27.5136   26.5707   31.0483   26.2488   30.8058   29.8329   28.8617   27.8927   26.9258   25.9615   18.3848   17.4642   16.5529   15.6525   14.7648   13.8924   18.0278   13.4164     17.72        13   17.4642   12.6491   17.2627   16.2788   15.2971   14.3178   13.3417   12.3693         2   2.23607   2.82843   3.60555         1   3.16228         0         3         1   3.16228   33.0606   32.0624         2   3.60555         3   3.16228   3.60555   4.24264
   34.2053   33.2415     32.28   31.3209   30.3645   29.4109   33.9559   29.1204   33.7343   32.7567   31.7805   30.8058   29.8329   28.8617   21.1896   20.2485   19.3132   18.3848   17.4642   16.5529   20.8806   16.1555   20.6155   15.8114   20.3961   15.5242   20.2237   19.2354   18.2483   17.2627   16.2788   15.2971   3.60555   2.82843   2.23607         2   3.16228         1         3         0   3.16228         1   36.0555   35.0571   3.60555         2   4.24264   3.60555   3.16228         3
   31.6228   30.6757   29.7321   28.7924   27.8568   26.9258   31.3209   26.5707   31.0483   30.0832   29.1204   28.1603   27.2029   26.2488   18.7883   17.8885        17   16.1245   15.2643   14.4222   18.3848   13.8924   18.0278   13.4164     17.72        13   17.4642   16.4924   15.5242   14.5602   13.6015   12.6491         3   3.16228   3.60555   4.24264         2   3.60555         1   3.16228         0         3   33.0151   32.0156         1   3.16228         2   2.23607   2.82843   3.60555
   34.4819   33.5261    32.573   31.6228   30.6757   29.7321   34.2053   29.4109   33.9559   32.9848   32.0156   31.0483   30.0832   29.1204   21.5407   20.6155   19.6977   18.7883   17.8885        17   21.1896   16.5529   20.8806   16.1555   20.6155   15.8114   20.3961   19.4165   18.4391   17.4642   16.4924   15.5242   4.24264   3.60555   3.16228         3   3.60555         2   3.16228         1         3         0   36.0139   35.0143   3.16228         1   3.60555   2.82843   2.23607         2
   11.4018   11.7047    12.083     12.53   13.0384   13.6015   10.4403   12.8062   9.48683   9.84886   10.2956   10.8167   11.4018   12.0416   18.3576   19.2354   20.1246   21.0238   21.9317   22.8473   17.8885   22.4722   17.4642   22.1359    17.088   21.8403   16.7631     17.72   18.6815   19.6469   20.6155    21.587   33.2415   34.2345   35.2278   36.2215   33.1361   36.1248   33.0606   36.0555   33.0151   36.0139         0         1        33        36   33.0151   34.0147   35.0143   36.0139
   11.1803   11.4018   11.7047    12.083     12.53   13.0384    10.198   12.2066   9.21954   9.48683   9.84886   10.2956   10.8167   11.4018   17.4929   18.3576   19.2354   20.1246   21.0238   21.9317        17   21.5407   16.5529   21.1896   16.1555   20.8806   15.8114   16.7631     17.72   18.6815   19.6469   20.6155    32.249   33.2415   34.2345   35.2278   32.1403   35.1283   32.0624   35.0571   32.0156   35.0143         1         0        32        35   32.0156   33.0151   34.0147   35.0143
   31.9531   31.0161   30.0832   29.1548   28.2312    27.313   31.6228   26.9258   31.3209   30.3645   29.4109   28.4605   27.5136   26.5707   19.2354   18.3576   17.4929   16.6433   15.8114        15   18.7883   14.4222   18.3848   13.8924   18.0278   13.4164     17.72   16.7631   15.8114   14.8661   13.9284        13         4   4.12311   4.47214         5         3   4.24264         2   3.60555         1   3.16228        33        32         0         3         1   1.41421   2.23607   3.16228
   34.7851   33.8378   32.8938   31.9531   31.0161   30.0832   34.4819   29.7321   34.2053   33.2415     32.28   31.3209   30.3645   29.4109   21.9317   21.0238   20.1246   19.2354   18.3576   17.4929   21.5407        17   21.1896   16.5529   20.8806   16.1555   20.6155   19.6469   18.6815     17.72   16.7631   15.8114         5   4.47214   4.12311         4   4.24264         3   3.60555         2   3.16228         1        36        35         3         0   3.16228   2.23607   1.41421         1
    32.311   31.3847   30.4631   29.5466   28.6356   27.7308   31.9531    27.313   31.6228   30.6757   29.7321   28.7924   27.8568   26.9258   19.7231    18.868   18.0278   17.2047   16.4012   15.6205   19.2354        15   18.7883   14.4222   18.3848   13.8924   18.0278    17.088   16.1555   15.2315   14.3178   13.4164         5   5.09902   5.38516   5.83095         4         5         3   4.24264         2   3.60555   33.0151   32.0156         1   3.16228         0         1         2         3
   33.2415    32.311   31.3847   30.4631   29.5466   28.6356   32.8938   28.2312    32.573   31.6228   30.6757   29.7321   28.7924   27.8568   20.5913   19.7231    18.868   18.0278   17.2047   16.4012   20.1246   15.8114   19.6977   15.2643   19.3132   14.7648   18.9737   18.0278    17.088   16.1555   15.2315   14.3178   5.09902         5   5.09902   5.38516   4.12311   4.47214   3.16228   3.60555   2.23607   2.82843   34.0147   33.0151   1.41421   2.23607         1         0         1         2
    34.176   33.2415    32.311   31.3847   30.4631   29.5466   33.8378   29.1548   33.5261    32.573   31.6228   30.6757   29.7321   28.7924   21.4709   20.5913   19.7231    18.868   18.0278   17.2047   21.0238   16.6433   20.6155   16.1245   20.2485   15.6525   19.9249   18.9737   18.0278    17.088   16.1555   15.2315   5.38516   5.09902         5   5.09902   4.47214   4.12311   3.60555   3.16228   2.82843   2.23607   35.0143   34.0147   2.23607   1.41421         2         1         0         1
   35.1141    34.176   33.2415    32.311   31.3847   30.4631   34.7851   30.0832   34.4819   33.5261    32.573   31.6228   30.6757   29.7321   22.3607   21.4709   20.5913   19.7231    18.868   18.0278   21.9317   17.4929   21.5407        17   21.1896   16.5529   20.8806   19.9249   18.9737   18.0278    17.088   16.1555   5.83095   5.38516   5.09902         5         5         4   4.24264         3   3.60555         2   36.0139   35.0143   3.16228         1         3         2         1         0
