         0         1         2         3         4         5         1   5.09902         2   5.38516         3   5.83095         4   6.40312         5   5.09902   5.38516   5.83095   6.40312   7.07107   15.2315   16.1555    17.088   18.0278   11.4018   10.6301   9.89949   9.21954   8.60233   15.6525   18.3848   12.0416   9.43398   16.1245   18.7883   12.7279   10.2956   16.6433   19.2354   13.4536   11.1803   17.2047   18.0278    18.868   19.7231   14.2127   13.6015   13.0384     12.53    12.083   17.6918   18.4391   19.2094        20   17.6918   17.0294   16.4012   15.8114   15.2643   14.7648   18.3848   20.6155   18.4391   15.6525    19.105   21.2603   19.2094   16.5529   16.1555   16.5529        17   17.4929   18.0278   18.6011   19.8494   21.9317        20   19.4165    18.868   18.3576   17.8885   17.4642    17.088   19.4165   20.6155   22.6274   18.0278   20.2485   21.4009   22.0227   22.6716   23.3452   18.9737    21.095   19.9249   20.2485   20.6155   21.0238   21.4709   21.9545
         1         0         1         2         3         4   1.41421   4.12311   2.23607   4.47214   3.16228         5   4.12311   5.65685   5.09902         5   5.09902   5.38516   5.83095   6.40312   14.3178   15.2315   16.1555    17.088   12.2066   11.4018   10.6301   9.89949   9.21954   14.7648   17.4642   12.8062        10   15.2643   17.8885   13.4536   10.8167   15.8114   18.3576   14.1421   11.6619   16.4012   17.2047   18.0278    18.868   14.8661   14.2127   13.6015   13.0384     12.53   16.9706   17.6918   18.4391   19.2094   18.3848   17.6918   17.0294   16.4012   15.8114   15.2643   17.6918   19.8494    19.105   16.1245   18.4391   20.5183   19.8494        17   15.8114   16.1555   16.5529        17   17.4929   18.0278   19.2094   21.2132   20.6155        20   19.4165    18.868   18.3576   17.8885   16.7631    18.868        20   21.9317     17.72   19.7231   20.8087   21.4009   22.0227   22.6716   18.6815   20.5913   19.6469   19.9249   20.2485   20.6155   21.0238   21.4709
         2         1         0         1         2         3   2.23607   3.16228   2.82843   3.60555   3.60555   4.24264   4.47214         5   5.38516   5.09902         5   5.09902   5.38516   5.83095   13.4164   14.3178   15.2315   16.1555   13.0384   12.2066   11.4018   10.6301   9.89949   13.8924   16.5529   13.6015   10.6301   14.4222        17   14.2127   11.4018        15   17.4929   14.8661   12.2066   15.6205   16.4012   17.2047   18.0278   15.5563   14.8661   14.2127   13.6015   13.0384   16.2788   16.9706   17.6918   18.4391    19.105   18.3848   17.6918   17.0294   16.4012   15.8114   17.0294    19.105    19.799   16.6433   17.8045    19.799   20.5183   17.4929   15.5242   15.8114   16.1555   16.5529        17   17.4929   18.6011   20.5183   21.2603   20.6155        20   19.4165    18.868   18.3576   16.4924   18.3576   19.4165   21.2603   17.4642   19.2354   20.2485   20.8087   21.4009   22.0227   18.4391   20.1246   19.4165   19.6469   19.9249   20.2485   20.6155   21.0238
         3         2         1         0         1         2   3.16228   2.23607   3.60555   2.82843   4.24264   3.60555         5   4.47214   5.83095   5.38516   5.09902         5   5.09902   5.38516     12.53   13.4164   14.3178   15.2315   13.8924   13.0384   12.2066   11.4018   10.6301   13.0384   15.6525   14.4222   11.3137   13.6015   16.1245        15   12.0416   14.2127   16.6433   15.6205   12.8062   14.8661   15.6205   16.4012   17.2047   16.2788   15.5563   14.8661   14.2127   13.6015   15.6205   16.2788   16.9706   17.6918   19.8494    19.105   18.3848   17.6918   17.0294   16.4012   16.4012   18.3848   20.5183   17.2047   17.2047    19.105   21.2132   18.0278   15.2971   15.5242   15.8114   16.1555   16.5529        17   18.0278   19.8494   21.9317   21.2603   20.6155        20   19.4165    18.868   16.2788   17.8885    18.868   20.6155   17.2627   18.7883   19.7231   20.2485   20.8087   21.4009   18.2483   19.6977   19.2354   19.4165   19.6469   19.9249   20.2485   20.6155
         4         3         2         1         0         1   4.12311   1.41421   4.47214   2.23607         5   3.16228   5.65685   4.12311   6.40312   5.83095   5.38516   5.09902         5   5.09902   11.6619     12.53   13.4164   14.3178   14.7648   13.8924   13.0384   12.2066   11.4018   12.2066   14.7648   15.2643   12.0416   12.8062   15.2643   15.8114   12.7279   13.4536   15.8114   16.4012   13.4536   14.1421   14.8661   15.6205   16.4012   17.0294   16.2788   15.5563   14.8661   14.2127        15   15.6205   16.2788   16.9706   20.6155   19.8494    19.105   18.3848   17.6918   17.0294   15.8114   17.6918   21.2603   17.8045   16.6433   18.4391   21.9317   18.6011   15.1327   15.2971   15.5242   15.8114   16.1555   16.5529   17.4929   19.2094   22.6274   21.9317   21.2603   20.6155        20   19.4165   16.1245   17.4642   18.3576        20   17.1172   18.3848   19.2354   19.7231   20.2485   20.8087   18.1108   19.3132    19.105   19.2354   19.4165   19.6469   19.9249   20.2485
         5         4         3         2         1         0   5.09902         1   5.38516         2   5.83095         3   6.40312         4   7.07107   6.40312   5.83095   5.38516   5.09902         5   10.8167   11.6619     12.53   13.4164   15.6525   14.7648   13.8924   13.0384   12.2066   11.4018   13.8924   16.1245   12.8062   12.0416   14.4222   16.6433   13.4536   12.7279        15   17.2047   14.1421   13.4536   14.1421   14.8661   15.6205   17.8045   17.0294   16.2788   15.5563   14.8661   14.4222        15   15.6205   16.2788   21.4009   20.6155   19.8494    19.105   18.3848   17.6918   15.2643   17.0294   22.0227   18.4391   16.1245   17.8045   22.6716   19.2094   15.0333   15.1327   15.2971   15.5242   15.8114   16.1555        17   18.6011   23.3452   22.6274   21.9317   21.2603   20.6155        20   16.0312    17.088   17.8885   19.4165   17.0294   18.0278   18.7883   19.2354   19.7231   20.2485   18.0278   18.9737   19.0263    19.105   19.2354   19.4165   19.6469   19.9249
         1   1.41421   2.23607   3.16228   4.12311   5.09902         0         5         1   5.09902         2   5.38516         3   5.83095         4   4.12311   4.47214         5   5.65685   6.40312   14.8661   15.8114   16.7631     17.72   10.8167        10   9.21954   8.48528   7.81025   15.2315   18.0278   11.4018   8.60233   15.6525   18.3848   12.0416   9.43398   16.1245   18.7883   12.7279   10.2956   16.6433   17.4929   18.3576   19.2354   13.4536   12.8062   12.2066   11.6619   11.1803   17.0294   17.8045   18.6011   19.4165   16.9706   16.2788   15.6205        15   14.4222   13.8924   17.6918        20   17.6918   14.7648   18.3848   20.6155   18.4391   15.6525   15.2315   15.6525   16.1245   16.6433   17.2047   17.8045    19.105   21.2603   19.2094   18.6011   18.0278   17.4929        17   16.5529   16.1555   18.6011   19.8494   21.9317    17.088   19.4165   20.6155   21.2603   21.9317   22.6274   18.0278   20.2485   18.9737   19.3132   19.6977   20.1246   20.5913    21.095
   5.09902   4.12311   3.16228   2.23607   1.41421         1         5         0   5.09902         1   5.38516         2   5.83095         3   6.40312   5.65685         5   4.47214   4.12311         4   10.2956   11.1803    12.083        13   15.2315   14.3178   13.4164     12.53   11.6619   10.8167   13.4164   15.6525   12.2066   11.4018   13.8924   16.1245   12.8062   12.0416   14.4222   16.6433   13.4536   12.7279   13.4536   14.2127        15   17.2047   16.4012   15.6205   14.8661   14.1421   13.6015   14.2127   14.8661   15.5563   20.8087        20   19.2094   18.4391   17.6918   16.9706   14.4222   16.2788   21.4009   17.6918   15.2643   17.0294   22.0227   18.4391   14.0357   14.1421   14.3178   14.5602   14.8661   15.2315   16.1245   17.8045   22.6716   21.9317   21.2132   20.5183   19.8494   19.2094   15.0333   16.1555        17   18.6011   16.0312    17.088   17.8885   18.3576    18.868   19.4165   17.0294   18.0278   18.0278   18.1108   18.2483   18.4391   18.6815   18.9737
         2   2.23607   2.82843   3.60555   4.47214   5.38516         1   5.09902         0         5         1   5.09902         2   5.38516         3   3.16228   3.60555   4.24264         5   5.83095   14.5602   15.5242   16.4924   17.4642   10.2956   9.43398   8.60233   7.81025   7.07107   14.8661     17.72   10.8167   7.81025   15.2315   18.0278   11.4018   8.60233   15.6525   18.3848   12.0416   9.43398   16.1245        17   17.8885   18.7883   12.7279   12.0416   11.4018   10.8167   10.2956   16.4012   17.2047   18.0278    18.868   16.2788   15.5563   14.8661   14.2127   13.6015   13.0384   17.0294   19.4165   16.9706   13.8924   17.6918        20   17.6918   14.7648   14.3178   14.7648   15.2643   15.8114   16.4012   17.0294   18.3848   20.6155   18.4391   17.8045   17.2047   16.6433   16.1245   15.6525   15.2315   17.8045    19.105   21.2603   16.1555   18.6011   19.8494   20.5183   21.2132   21.9317    17.088   19.4165   18.0278   18.3848   18.7883   19.2354   19.7231   20.2485
   5.38516   4.47214   3.60555   2.82843   2.23607         2   5.09902         1         5         0   5.09902         1   5.38516         2   5.83095         5   4.24264   3.60555   3.16228         3   9.84886   10.7703   11.7047   12.6491   14.8661   13.9284        13    12.083   11.1803   10.2956        13   15.2315   11.6619   10.8167   13.4164   15.6525   12.2066   11.4018   13.8924   16.1245   12.8062   12.0416   12.8062   13.6015   14.4222   16.6433   15.8114        15   14.2127   13.4536   12.8062   13.4536   14.1421   14.8661   20.2485   19.4165   18.6011   17.8045   17.0294   16.2788   13.6015   15.5563   20.8087   16.9706   14.4222   16.2788   21.4009   17.6918   13.0384   13.1529   13.3417   13.6015   13.9284   14.3178   15.2643   17.0294   22.0227   21.2603   20.5183    19.799    19.105   18.4391   14.0357   15.2315   16.1245   17.8045   15.0333   16.1555        17   17.4929   18.0278   18.6011   16.0312    17.088   17.0294   17.1172   17.2627   17.4642     17.72   18.0278
         3   3.16228   3.60555   4.24264         5   5.83095         2   5.38516         1   5.09902         0         5         1   5.09902         2   2.23607   2.82843   3.60555   4.47214   5.38516   14.3178   15.2971   16.2788   17.2627   9.84886   8.94427   8.06226    7.2111   6.40312   14.5602   17.4642   10.2956   7.07107   14.8661     17.72   10.8167   7.81025   15.2315   18.0278   11.4018   8.60233   15.6525   16.5529   17.4642   18.3848   12.0416   11.3137   10.6301        10   9.43398   15.8114   16.6433   17.4929   18.3576   15.6205   14.8661   14.1421   13.4536   12.8062   12.2066   16.4012    18.868   16.2788   13.0384   17.0294   19.4165   16.9706   13.8924   13.4164   13.8924   14.4222        15   15.6205   16.2788   17.6918        20   17.6918   17.0294   16.4012   15.8114   15.2643   14.7648   14.3178   17.0294   18.3848   20.6155   15.2315   17.8045    19.105    19.799   20.5183   21.2603   16.1555   18.6011    17.088   17.4642   17.8885   18.3576    18.868   19.4165
   5.83095         5   4.24264   3.60555   3.16228         3   5.38516         2   5.09902         1         5         0   5.09902         1   5.38516   4.47214   3.60555   2.82843   2.23607         2   9.48683   10.4403   11.4018   12.3693   14.5602   13.6015   12.6491   11.7047   10.7703   9.84886   12.6491   14.8661   11.1803   10.2956        13   15.2315   11.6619   10.8167   13.4164   15.6525   12.2066   11.4018   12.2066   13.0384   13.8924   16.1245   15.2643   14.4222   13.6015   12.8062   12.0416   12.7279   13.4536   14.2127   19.7231    18.868   18.0278   17.2047   16.4012   15.6205   12.8062   14.8661   20.2485   16.2788   13.6015   15.5563   20.8087   16.9706   12.0416   12.1655   12.3693   12.6491        13   13.4164   14.4222   16.2788   21.4009   20.6155   19.8494    19.105   18.3848   17.6918   13.0384   14.3178   15.2643   17.0294   14.0357   15.2315   16.1245   16.6433   17.2047   17.8045   15.0333   16.1555   16.0312   16.1245   16.2788   16.4924   16.7631    17.088
         4   4.12311   4.47214         5   5.65685   6.40312         3   5.83095         2   5.38516         1   5.09902         0         5         1   1.41421   2.23607   3.16228   4.12311   5.09902   14.1421   15.1327   16.1245   17.1172   9.48683     8.544   7.61577    6.7082   5.83095   14.3178   17.2627   9.84886   6.40312   14.5602   17.4642   10.2956   7.07107   14.8661     17.72   10.8167   7.81025   15.2315   16.1555    17.088   18.0278   11.4018   10.6301   9.89949   9.21954   8.60233   15.2643   16.1245        17   17.8885        15   14.2127   13.4536   12.7279   12.0416   11.4018   15.8114   18.3576   15.6205   12.2066   16.4012    18.868   16.2788   13.0384     12.53   13.0384   13.6015   14.2127   14.8661   15.5563   17.0294   19.4165   16.9706   16.2788   15.6205        15   14.4222   13.8924   13.4164   16.2788   17.6918        20   14.3178   17.0294   18.3848    19.105   19.8494   20.6155   15.2315   17.8045   16.1555   16.5529        17   17.4929   18.0278   18.6011
   6.40312   5.65685         5   4.47214   4.12311         4   5.83095         3   5.38516         2   5.09902         1         5         0   5.09902   4.12311   3.16228   2.23607   1.41421         1   9.21954    10.198   11.1803   12.1655   14.3178   13.3417   12.3693   11.4018   10.4403   9.48683   12.3693   14.5602   10.7703   9.84886   12.6491   14.8661   11.1803   10.2956        13   15.2315   11.6619   10.8167   11.6619     12.53   13.4164   15.6525   14.7648   13.8924   13.0384   12.2066   11.3137   12.0416   12.8062   13.6015   19.2354   18.3576   17.4929   16.6433   15.8114        15   12.0416   14.2127   19.7231   15.6205   12.8062   14.8661   20.2485   16.2788   11.0454   11.1803   11.4018   11.7047    12.083     12.53   13.6015   15.5563   20.8087        20   19.2094   18.4391   17.6918   16.9706   12.0416   13.4164   14.4222   16.2788   13.0384   14.3178   15.2643   15.8114   16.4012   17.0294   14.0357   15.2315   15.0333   15.1327   15.2971   15.5242   15.8114   16.1555
         5   5.09902   5.38516   5.83095   6.40312   7.07107         4   6.40312         3   5.83095         2   5.38516         1   5.09902         0         1         2         3         4         5   14.0357   15.0333   16.0312   17.0294   9.21954   8.24621   7.28011   6.32456   5.38516   14.1421   17.1172   9.48683   5.83095   14.3178   17.2627   9.84886   6.40312   14.5602   17.4642   10.2956   7.07107   14.8661   15.8114   16.7631     17.72   10.8167        10   9.21954   8.48528   7.81025   14.7648   15.6525   16.5529   17.4642   14.4222   13.6015   12.8062   12.0416   11.3137   10.6301   15.2643   17.8885        15   11.4018   15.8114   18.3576   15.6205   12.2066   11.6619   12.2066   12.8062   13.4536   14.1421   14.8661   16.4012    18.868   16.2788   15.5563   14.8661   14.2127   13.6015   13.0384     12.53   15.5563   17.0294   19.4165   13.4164   16.2788   17.6918   18.4391   19.2094        20   14.3178   17.0294   15.2315   15.6525   16.1245   16.6433   17.2047   17.8045
   5.09902         5   5.09902   5.38516   5.83095   6.40312   4.12311   5.65685   3.16228         5   2.23607   4.47214   1.41421   4.12311         1         0         1         2         3         4   13.0384   14.0357   15.0333   16.0312    10.198   9.21954   8.24621   7.28011   6.32456   13.1529   16.1245   10.4403    6.7082   13.3417   16.2788   10.7703    7.2111   13.6015   16.4924   11.1803   7.81025   13.9284   14.8661   15.8114   16.7631   11.6619   10.8167        10   9.21954   8.48528   13.8924   14.7648   15.6525   16.5529   15.2643   14.4222   13.6015   12.8062   12.0416   11.3137   14.4222        17   15.8114   12.0416        15   17.4929   16.4012   12.8062   11.1803   11.6619   12.2066   12.8062   13.4536   14.1421   15.6205   18.0278   17.0294   16.2788   15.5563   14.8661   14.2127   13.6015    12.083   14.8661   16.2788   18.6011        13   15.6205   16.9706   17.6918   18.4391   19.2094   13.9284   16.4012   14.8661   15.2315   15.6525   16.1245   16.6433   17.2047
   5.38516   5.09902         5   5.09902   5.38516   5.83095   4.47214         5   3.60555   4.24264   2.82843   3.60555   2.23607   3.16228         2         1         0         1         2         3   12.0416   13.0384   14.0357   15.0333   11.1803    10.198   9.21954   8.24621   7.28011   12.1655   15.1327   11.4018   7.61577   12.3693   15.2971   11.7047   8.06226   12.6491   15.5242    12.083   8.60233        13   13.9284   14.8661   15.8114     12.53   11.6619   10.8167        10   9.21954   13.0384   13.8924   14.7648   15.6525   16.1245   15.2643   14.4222   13.6015   12.8062   12.0416   13.6015   16.1245   16.6433   12.7279   14.2127   16.6433   17.2047   13.4536   10.7703   11.1803   11.6619   12.2066   12.8062   13.4536   14.8661   17.2047   17.8045   17.0294   16.2788   15.5563   14.8661   14.2127   11.7047   14.2127   15.5563   17.8045   12.6491        15   16.2788   16.9706   17.6918   18.4391   13.6015   15.8114   14.5602   14.8661   15.2315   15.6525   16.1245   16.6433
   5.83095   5.38516   5.09902         5   5.09902   5.38516         5   4.47214   4.24264   3.60555   3.60555   2.82843   3.16228   2.23607         3         2         1         0         1         2   11.0454   12.0416   13.0384   14.0357   12.1655   11.1803    10.198   9.21954   8.24621   11.1803   14.1421   12.3693     8.544   11.4018   14.3178   12.6491   8.94427   11.7047   14.5602        13   9.43398    12.083        13   13.9284   14.8661   13.4164     12.53   11.6619   10.8167        10   12.2066   13.0384   13.8924   14.7648        17   16.1245   15.2643   14.4222   13.6015   12.8062   12.8062   15.2643   17.4929   13.4536   13.4536   15.8114   18.0278   14.1421   10.4403   10.7703   11.1803   11.6619   12.2066   12.8062   14.1421   16.4012   18.6011   17.8045   17.0294   16.2788   15.5563   14.8661   11.4018   13.6015   14.8661   17.0294   12.3693   14.4222   15.6205   16.2788   16.9706   17.6918   13.3417   15.2643   14.3178   14.5602   14.8661   15.2315   15.6525   16.1245
   6.40312   5.83095   5.38516   5.09902         5   5.09902   5.65685   4.12311         5   3.16228   4.47214   2.23607   4.12311   1.41421         4         3         2         1         0         1   10.0499   11.0454   12.0416   13.0384   13.1529   12.1655   11.1803    10.198   9.21954    10.198   13.1529   13.3417   9.48683   10.4403   13.3417   13.6015   9.84886   10.7703   13.6015   13.9284   10.2956   11.1803    12.083        13   13.9284   14.3178   13.4164     12.53   11.6619   10.8167   11.4018   12.2066   13.0384   13.8924   17.8885        17   16.1245   15.2643   14.4222   13.6015   12.0416   14.4222   18.3576   14.2127   12.7279        15    18.868   14.8661    10.198   10.4403   10.7703   11.1803   11.6619   12.2066   13.4536   15.6205   19.4165   18.6011   17.8045   17.0294   16.2788   15.5563   11.1803   13.0384   14.2127   16.2788   12.1655   13.8924        15   15.6205   16.2788   16.9706   13.1529   14.7648   14.1421   14.3178   14.5602   14.8661   15.2315   15.6525
   7.07107   6.40312   5.83095   5.38516   5.09902         5   6.40312         4   5.83095         3   5.38516         2   5.09902         1         5         4         3         2         1         0   9.05539   10.0499   11.0454   12.0416   14.1421   13.1529   12.1655   11.1803    10.198   9.21954   12.1655   14.3178   10.4403   9.48683   12.3693   14.5602   10.7703   9.84886   12.6491   14.8661   11.1803   10.2956   11.1803    12.083        13   15.2315   14.3178   13.4164     12.53   11.6619   10.6301   11.4018   12.2066   13.0384   18.7883   17.8885        17   16.1245   15.2643   14.4222   11.3137   13.6015   19.2354        15   12.0416   14.2127   19.7231   15.6205   10.0499    10.198   10.4403   10.7703   11.1803   11.6619   12.8062   14.8661   20.2485   19.4165   18.6011   17.8045   17.0294   16.2788   11.0454     12.53   13.6015   15.5563   12.0416   13.4164   14.4222        15   15.6205   16.2788   13.0384   14.3178   14.0357   14.1421   14.3178   14.5602   14.8661   15.2315
   15.2315   14.3178   13.4164     12.53   11.6619   10.8167   14.8661   10.2956   14.5602   9.84886   14.3178   9.48683   14.1421   9.21954   14.0357   13.0384   12.0416   11.0454   10.0499   9.05539         0         1         2         3   23.0217   22.0227   21.0238    20.025   19.0263         1   3.16228   23.0868    19.105         2   3.60555   23.1948   19.2354         3   4.24264   23.3452   19.4165         4   4.12311   4.47214         5   23.5372    22.561    21.587   20.6155   19.6469   6.08276         6   6.08276   6.32456   26.9258   25.9615        25   24.0416   23.0868   22.1359   7.07107   7.28011   27.2029   22.4722   8.06226   8.24621   27.5136   22.8473   12.0416   11.4018   10.8167   10.2956   9.84886   9.48683   9.05539   9.21954   27.8568   26.9258        26   25.0799   24.1661   23.2594   12.8062   10.4403   10.0499    10.198   13.6015   11.4018   11.0454        11   11.0454   11.1803   14.4222   12.3693   15.2643   14.7648   14.3178   13.9284   13.6015   13.3417
   16.1555   15.2315   14.3178   13.4164     12.53   11.6619   15.8114   11.1803   15.5242   10.7703   15.2971   10.4403   15.1327    10.198   15.0333   14.0357   13.0384   12.0416   11.0454   10.0499         1         0         1         2   24.0208   23.0217   22.0227   21.0238    20.025   1.41421   2.23607   24.0832   20.0998   2.23607   2.82843   24.1868   20.2237   3.16228   3.60555   24.3311   20.3961   4.12311         4   4.12311   4.47214   24.5153   23.5372    22.561    21.587   20.6155   6.32456   6.08276         6   6.08276   27.8927   26.9258   25.9615        25   24.0416   23.0868   7.28011   7.07107   28.1603   23.4094   8.24621   8.06226   28.4605   23.7697   12.7279   12.0416   11.4018   10.8167   10.2956   9.84886   9.21954   9.05539   28.7924   27.8568   26.9258        26   25.0799   24.1661   13.4536   10.7703    10.198   10.0499   14.2127   11.7047   11.1803   11.0454        11   11.0454        15   12.6491   15.8114   15.2643   14.7648   14.3178   13.9284   13.6015
    17.088   16.1555   15.2315   14.3178   13.4164     12.53   16.7631    12.083   16.4924   11.7047   16.2788   11.4018   16.1245   11.1803   16.0312   15.0333   14.0357   13.0384   12.0416   11.0454         2         1         0         1     25.02   24.0208   23.0217   22.0227   21.0238   2.23607   1.41421   25.0799    21.095   2.82843   2.23607   25.1794   21.2132   3.60555   3.16228    25.318   21.3776   4.47214   4.12311         4   4.12311   25.4951   24.5153   23.5372    22.561    21.587    6.7082   6.32456   6.08276         6   28.8617   27.8927   26.9258   25.9615        25   24.0416   7.61577         7   29.1204   24.3516     8.544         8   29.4109   24.6982   13.4536   12.7279   12.0416   11.4018   10.8167   10.2956   9.48683         9   29.7321   28.7924   27.8568   26.9258        26   25.0799   14.1421   11.1803   10.4403        10   14.8661    12.083   11.4018   11.1803   11.0454        11   15.6205        13   16.4012   15.8114   15.2643   14.7648   14.3178   13.9284
   18.0278    17.088   16.1555   15.2315   14.3178   13.4164     17.72        13   17.4642   12.6491   17.2627   12.3693   17.1172   12.1655   17.0294   16.0312   15.0333   14.0357   13.0384   12.0416         3         2         1         0   26.0192     25.02   24.0208   23.0217   22.0227   3.16228         1   26.0768   22.0907   3.60555         2   26.1725   22.2036   4.24264         3   26.3059   22.3607         5   4.47214   4.12311         4   26.4764   25.4951   24.5153   23.5372    22.561    7.2111    6.7082   6.32456   6.08276   29.8329   28.8617   27.8927   26.9258   25.9615        25   8.06226   7.07107   30.0832   25.2982   8.94427   8.06226   30.3645    25.632   14.2127   13.4536   12.7279   12.0416   11.4018   10.8167   9.84886   9.05539   30.6757   29.7321   28.7924   27.8568   26.9258        26   14.8661   11.6619   10.7703   10.0499   15.5563     12.53   11.7047   11.4018   11.1803   11.0454   16.2788   13.4164   17.0294   16.4012   15.8114   15.2643   14.7648   14.3178
   11.4018   12.2066   13.0384   13.8924   14.7648   15.6525   10.8167   15.2315   10.2956   14.8661   9.84886   14.5602   9.48683   14.3178   9.21954    10.198   11.1803   12.1655   13.1529   14.1421   23.0217   24.0208     25.02   26.0192         0         1         2         3         4        23        26         1   4.12311   23.0217   26.0192         2   4.47214   23.0868   26.0768         3         5   23.1948   24.1868   25.1794   26.1725         4   4.12311   4.47214         5   5.65685    22.561   23.5372   24.5153   25.4951    6.7082   6.32456   6.08276         6   6.08276   6.32456   22.8035   25.7099   7.61577   7.28011   23.0868   25.9615     8.544   8.24621        17   17.8885   18.7883   19.6977   20.6155   21.5407   23.4094   26.2488   9.48683   9.21954   9.05539         9   9.05539   9.21954   17.4929   21.9317   23.7697   26.5707   18.0278   22.3607   24.1661   25.0799        26   26.9258   18.6011   22.8254   19.2094        20   20.8087   21.6333   22.4722   23.3238
   10.6301   11.4018   12.2066   13.0384   13.8924   14.7648        10   14.3178   9.43398   13.9284   8.94427   13.6015     8.544   13.3417   8.24621   9.21954    10.198   11.1803   12.1655   13.1529   22.0227   23.0217   24.0208     25.02         1         0         1         2         3        22        25   1.41421   3.16228   22.0227     25.02   2.23607   3.60555   22.0907   25.0799   3.16228   4.24264   22.2036   23.1948   24.1868   25.1794   4.12311         4   4.12311   4.47214         5    21.587    22.561   23.5372   24.5153    7.2111    6.7082   6.32456   6.08276         6   6.08276   21.8403   24.7386   8.06226   7.07107   22.1359        25   8.94427   8.06226   16.1245        17   17.8885   18.7883   19.6977   20.6155   22.4722   25.2982   9.84886   9.48683   9.21954   9.05539         9   9.05539   16.6433   21.0238   22.8473    25.632   17.2047   21.4709   23.2594   24.1661   25.0799        26   17.8045   21.9545   18.4391   19.2094        20   20.8087   21.6333   22.4722
   9.89949   10.6301   11.4018   12.2066   13.0384   13.8924   9.21954   13.4164   8.60233        13   8.06226   12.6491   7.61577   12.3693   7.28011   8.24621   9.21954    10.198   11.1803   12.1655   21.0238   22.0227   23.0217   24.0208         2         1         0         1         2        21        24   2.23607   2.23607   21.0238   24.0208   2.82843   2.82843    21.095   24.0832   3.60555   3.60555   21.2132   22.2036   23.1948   24.1868   4.47214   4.12311         4   4.12311   4.47214   20.6155    21.587    22.561   23.5372   7.81025    7.2111    6.7082   6.32456   6.08276         6   20.8806   23.7697   8.60233         7   21.1896   24.0416   9.43398         8   15.2643   16.1245        17   17.8885   18.7883   19.6977   21.5407   24.3516   10.2956   9.84886   9.48683   9.21954   9.05539         9   15.8114   20.1246   21.9317   24.6982   16.4012   20.5913   22.3607   23.2594   24.1661   25.0799   17.0294    21.095   17.6918   18.4391   19.2094        20   20.8087   21.6333
   9.21954   9.89949   10.6301   11.4018   12.2066   13.0384   8.48528     12.53   7.81025    12.083    7.2111   11.7047    6.7082   11.4018   6.32456   7.28011   8.24621   9.21954    10.198   11.1803    20.025   21.0238   22.0227   23.0217         3         2         1         0         1        20        23   3.16228   1.41421    20.025   23.0217   3.60555   2.23607   20.0998   23.0868   4.24264   3.16228   20.2237   21.2132   22.2036   23.1948         5   4.47214   4.12311         4   4.12311   19.6469   20.6155    21.587    22.561   8.48528   7.81025    7.2111    6.7082   6.32456   6.08276   19.9249   22.8035   9.21954   7.07107   20.2485   23.0868        10   8.06226   14.4222   15.2643   16.1245        17   17.8885   18.7883   20.6155   23.4094   10.8167   10.2956   9.84886   9.48683   9.21954   9.05539        15   19.2354   21.0238   23.7697   15.6205   19.7231   21.4709   22.3607   23.2594   24.1661   16.2788   20.2485   16.9706   17.6918   18.4391   19.2094        20   20.8087
   8.60233   9.21954   9.89949   10.6301   11.4018   12.2066   7.81025   11.6619   7.07107   11.1803   6.40312   10.7703   5.83095   10.4403   5.38516   6.32456   7.28011   8.24621   9.21954    10.198   19.0263    20.025   21.0238   22.0227         4         3         2         1         0        19        22   4.12311         1   19.0263   22.0227   4.47214         2    19.105   22.0907         5         3   19.2354   20.2237   21.2132   22.2036   5.65685         5   4.47214   4.12311         4   18.6815   19.6469   20.6155    21.587   9.21954   8.48528   7.81025    7.2111    6.7082   6.32456   18.9737   21.8403   9.89949   7.28011   19.3132   22.1359   10.6301   8.24621   13.6015   14.4222   15.2643   16.1245        17   17.8885   19.6977   22.4722   11.4018   10.8167   10.2956   9.84886   9.48683   9.21954   14.2127   18.3576   20.1246   22.8473   14.8661    18.868   20.5913   21.4709   22.3607   23.2594   15.5563   19.4165   16.2788   16.9706   17.6918   18.4391   19.2094        20
   15.6525   14.7648   13.8924   13.0384   12.2066   11.4018   15.2315   10.8167   14.8661   10.2956   14.5602   9.84886   14.3178   9.48683   14.1421   13.1529   12.1655   11.1803    10.198   9.21954         1   1.41421   2.23607   3.16228        23        22        21        20        19         0         3   23.0217   19.0263         1   3.16228   23.0868    19.105         2   3.60555   23.1948   19.2354         3   3.16228   3.60555   4.24264   23.3452   22.3607   21.3776   20.3961   19.4165   5.09902         5   5.09902   5.38516   26.6833   25.7099   24.7386   23.7697   22.8035   21.8403   6.08276   6.32456   26.9258   22.1359   7.07107   7.28011   27.2029   22.4722   11.3137   10.6301        10   9.43398   8.94427     8.544   8.06226   8.24621   27.5136   26.5707    25.632   24.6982   23.7697   22.8473   12.0416   9.48683   9.05539   9.21954   12.8062   10.4403   10.0499        10   10.0499    10.198   13.6015   11.4018   14.4222   13.8924   13.4164        13   12.6491   12.3693
   18.3848   17.4642   16.5529   15.6525   14.7648   13.8924   18.0278   13.4164     17.72        13   17.4642   12.6491   17.2627   12.3693   17.1172   16.1245   15.1327   14.1421   13.1529   12.1655   3.16228   2.23607   1.41421         1        26        25        24        23        22         3         0   26.0192   22.0227   3.16228         1   26.0768   22.0907   3.60555         2   26.1725   22.2036   4.24264   3.60555   3.16228         3   26.3059    25.318   24.3311   23.3452   22.3607   6.40312   5.83095   5.38516   5.09902   29.6142   28.6356   27.6586   26.6833   25.7099   24.7386    7.2111   6.08276   29.8329        25   8.06226   7.07107   30.0832   25.2982   13.6015   12.8062   12.0416   11.3137   10.6301        10   8.94427   8.06226   30.3645   29.4109   28.4605   27.5136   26.5707    25.632   14.2127   10.8167   9.84886   9.05539   14.8661   11.6619   10.7703   10.4403    10.198   10.0499   15.5563     12.53   16.2788   15.6205        15   14.4222   13.8924   13.4164
   12.0416   12.8062   13.6015   14.4222   15.2643   16.1245   11.4018   15.6525   10.8167   15.2315   10.2956   14.8661   9.84886   14.5602   9.48683   10.4403   11.4018   12.3693   13.3417   14.3178   23.0868   24.0832   25.0799   26.0768         1   1.41421   2.23607   3.16228   4.12311   23.0217   26.0192         0         4        23        26         1   4.12311   23.0217   26.0192         2   4.47214   23.0868   24.0832   25.0799   26.0768         3   3.16228   3.60555   4.24264         5   22.3607   23.3452   24.3311    25.318   5.83095   5.38516   5.09902         5   5.09902   5.38516    22.561   25.4951    6.7082   6.32456   22.8035   25.7099   7.61577   7.28011   16.5529   17.4642   18.3848   19.3132   20.2485   21.1896   23.0868   25.9615     8.544   8.24621   8.06226         8   8.06226   8.24621        17   21.5407   23.4094   26.2488   17.4929   21.9317   23.7697   24.6982    25.632   26.5707   18.0278   22.3607   18.6011   19.4165   20.2485    21.095   21.9545   22.8254
   9.43398        10   10.6301   11.3137   12.0416   12.8062   8.60233   12.2066   7.81025   11.6619   7.07107   11.1803   6.40312   10.7703   5.83095    6.7082   7.61577     8.544   9.48683   10.4403    19.105   20.0998    21.095   22.0907   4.12311   3.16228   2.23607   1.41421         1   19.0263   22.0227         4         0        19        22   4.12311         1   19.0263   22.0227   4.47214         2    19.105   20.0998    21.095   22.0907         5   4.24264   3.60555   3.16228         3   18.4391   19.4165   20.3961   21.3776   8.60233   7.81025   7.07107   6.40312   5.83095   5.38516   18.6815    21.587   9.21954   6.32456   18.9737   21.8403   9.89949   7.28011   13.0384   13.8924   14.7648   15.6525   16.5529   17.4642   19.3132   22.1359   10.6301        10   9.43398   8.94427     8.544   8.24621   13.6015   17.8885   19.6977   22.4722   14.2127   18.3576   20.1246   21.0238   21.9317   22.8473   14.8661    18.868   15.5563   16.2788   17.0294   17.8045   18.6011   19.4165
   16.1245   15.2643   14.4222   13.6015   12.8062   12.0416   15.6525   11.4018   15.2315   10.8167   14.8661   10.2956   14.5602   9.84886   14.3178   13.3417   12.3693   11.4018   10.4403   9.48683         2   2.23607   2.82843   3.60555   23.0217   22.0227   21.0238    20.025   19.0263         1   3.16228        23        19         0         3   23.0217   19.0263         1   3.16228   23.0868    19.105         2   2.23607   2.82843   3.60555   23.1948   22.2036   21.2132   20.2237   19.2354   4.12311         4   4.12311   4.47214   26.4764   25.4951   24.5153   23.5372    22.561    21.587   5.09902   5.38516   26.6833   21.8403   6.08276   6.32456   26.9258   22.1359   10.6301   9.89949   9.21954   8.60233   8.06226   7.61577   7.07107   7.28011   27.2029   26.2488   25.2982   24.3516   23.4094   22.4722   11.3137     8.544   8.06226   8.24621   12.0416   9.48683   9.05539         9   9.05539   9.21954   12.8062   10.4403   13.6015   13.0384     12.53    12.083   11.7047   11.4018
   18.7883   17.8885        17   16.1245   15.2643   14.4222   18.3848   13.8924   18.0278   13.4164     17.72        13   17.4642   12.6491   17.2627   16.2788   15.2971   14.3178   13.3417   12.3693   3.60555   2.82843   2.23607         2   26.0192     25.02   24.0208   23.0217   22.0227   3.16228         1        26        22         3         0   26.0192   22.0227   3.16228         1   26.0768   22.0907   3.60555   2.82843   2.23607         2   26.1725   25.1794   24.1868   23.1948   22.2036   5.65685         5   4.47214   4.12311   29.4279   28.4429   27.4591   26.4764   25.4951   24.5153   6.40312   5.09902   29.6142   24.7386    7.2111   6.08276   29.8329        25   13.0384   12.2066   11.4018   10.6301   9.89949   9.21954   8.06226   7.07107   30.0832   29.1204   28.1603   27.2029   26.2488   25.2982   13.6015        10   8.94427   8.06226   14.2127   10.8167   9.84886   9.48683   9.21954   9.05539   14.8661   11.6619   15.5563   14.8661   14.2127   13.6015   13.0384     12.53
   12.7279   13.4536   14.2127        15   15.8114   16.6433   12.0416   16.1245   11.4018   15.6525   10.8167   15.2315   10.2956   14.8661   9.84886   10.7703   11.7047   12.6491   13.6015   14.5602   23.1948   24.1868   25.1794   26.1725         2   2.23607   2.82843   3.60555   4.47214   23.0868   26.0768         1   4.12311   23.0217   26.0192         0         4        23        26         1   4.12311   23.0217   24.0208     25.02   26.0192         2   2.23607   2.82843   3.60555   4.47214   22.2036   23.1948   24.1868   25.1794         5   4.47214   4.12311         4   4.12311   4.47214   22.3607    25.318   5.83095   5.38516    22.561   25.4951    6.7082   6.32456   16.1555    17.088   18.0278   18.9737   19.9249   20.8806   22.8035   25.7099   7.61577   7.28011   7.07107         7   7.07107   7.28011   16.5529   21.1896   23.0868   25.9615        17   21.5407   23.4094   24.3516   25.2982   26.2488   17.4929   21.9317   18.0278    18.868   19.7231   20.5913   21.4709   22.3607
   10.2956   10.8167   11.4018   12.0416   12.7279   13.4536   9.43398   12.8062   8.60233   12.2066   7.81025   11.6619   7.07107   11.1803   6.40312    7.2111   8.06226   8.94427   9.84886   10.7703   19.2354   20.2237   21.2132   22.2036   4.47214   3.60555   2.82843   2.23607         2    19.105   22.0907   4.12311         1   19.0263   22.0227         4         0        19        22   4.12311         1   19.0263    20.025   21.0238   22.0227   4.47214   3.60555   2.82843   2.23607         2   18.2483   19.2354   20.2237   21.2132   8.06226    7.2111   6.40312   5.65685         5   4.47214   18.4391   21.3776   8.60233   5.38516   18.6815    21.587   9.21954   6.32456     12.53   13.4164   14.3178   15.2315   16.1555    17.088   18.9737   21.8403   9.89949   9.21954   8.60233   8.06226   7.61577   7.28011   13.0384   17.4642   19.3132   22.1359   13.6015   17.8885   19.6977   20.6155   21.5407   22.4722   14.2127   18.3576   14.8661   15.6205   16.4012   17.2047   18.0278    18.868
   16.6433   15.8114        15   14.2127   13.4536   12.7279   16.1245   12.0416   15.6525   11.4018   15.2315   10.8167   14.8661   10.2956   14.5602   13.6015   12.6491   11.7047   10.7703   9.84886         3   3.16228   3.60555   4.24264   23.0868   22.0907    21.095   20.0998    19.105         2   3.60555   23.0217   19.0263         1   3.16228        23        19         0         3   23.0217   19.0263         1   1.41421   2.23607   3.16228   23.0868   22.0907    21.095   20.0998    19.105   3.16228         3   3.16228   3.60555   26.3059    25.318   24.3311   23.3452   22.3607   21.3776   4.12311   4.47214   26.4764    21.587   5.09902   5.38516   26.6833   21.8403        10   9.21954   8.48528   7.81025    7.2111    6.7082   6.08276   6.32456   26.9258   25.9615        25   24.0416   23.0868   22.1359   10.6301   7.61577   7.07107   7.28011   11.3137     8.544   8.06226         8   8.06226   8.24621   12.0416   9.48683   12.8062   12.2066   11.6619   11.1803   10.7703   10.4403
   19.2354   18.3576   17.4929   16.6433   15.8114        15   18.7883   14.4222   18.3848   13.8924   18.0278   13.4164     17.72        13   17.4642   16.4924   15.5242   14.5602   13.6015   12.6491   4.24264   3.60555   3.16228         3   26.0768   25.0799   24.0832   23.0868   22.0907   3.60555         2   26.0192   22.0227   3.16228         1        26        22         3         0   26.0192   22.0227   3.16228   2.23607   1.41421         1   26.0768   25.0799   24.0832   23.0868   22.0907         5   4.24264   3.60555   3.16228   29.2746   28.2843   27.2947   26.3059    25.318   24.3311   5.65685   4.12311   29.4279   24.5153   6.40312   5.09902   29.6142   24.7386     12.53   11.6619   10.8167        10   9.21954   8.48528    7.2111   6.08276   29.8329   28.8617   27.8927   26.9258   25.9615        25   13.0384   9.21954   8.06226   7.07107   13.6015        10   8.94427     8.544   8.24621   8.06226   14.2127   10.8167   14.8661   14.1421   13.4536   12.8062   12.2066   11.6619
