         0         1         2         3         4         1   4.12311   7.28011   6.32456   5.38516   4.47214         2   4.47214   15.1327   16.1245   17.1172   18.1108   25.0799   26.0768    27.074   28.0713   29.0689   7.61577         5         3         5   15.2971   18.2483   25.1794   29.1548   8.06226   5.65685         4   4.12311   4.47214         5   5.65685   15.5242   16.4924   17.4642   18.4391    25.318   29.2746   8.60233   6.40312   25.4951   29.4279   9.21954    7.2111   25.7099   29.6142   9.89949   9.21954   8.60233   8.06226   25.9615   26.9258   27.8927   28.8617   29.8329   8.06226   8.24621     8.544   8.94427   9.43398        10   9.05539   10.8167   10.0499   11.6619   11.0454     12.53   12.0416   12.1655   12.3693   12.6491        13   13.4164        15   15.6205   16.2788   16.9706   13.6015   13.9284   14.3178   14.7648   15.8114   17.6918   14.5602   15.6525   16.6433   18.4391   15.5242   16.5529   17.4929   18.0278   16.4924   16.7631    17.088   17.4642
         1         0         1         2         3   1.41421   3.16228   8.24621   7.28011   6.32456   5.38516   2.23607   3.60555   14.1421   15.1327   16.1245   17.1172   24.0832   25.0799   26.0768    27.074   28.0713     8.544   5.83095   3.16228   4.24264   14.3178   17.2627   24.1868   28.1603   8.94427   6.40312   4.12311         4   4.12311   4.47214         5   14.5602   15.5242   16.4924   17.4642   24.3311   28.2843   9.43398   7.07107   24.5153   28.4429        10   7.81025   24.7386   28.6356   10.6301   9.89949   9.21954   8.60233        25   25.9615   26.9258   27.8927   28.8617         8   8.06226   8.24621     8.544   8.94427   9.43398         9   10.2956        10   11.1803        11    12.083        12   12.0416   12.1655   12.3693   12.6491        13   14.4222        15   15.6205   16.2788   13.3417   13.6015   13.9284   14.3178   15.2643   17.0294   14.3178   15.2315   16.1245   17.8045   15.2971   16.1555        17   17.4929   16.2788   16.4924   16.7631    17.088
         2         1         0         1         2   2.23607   2.23607   9.21954   8.24621   7.28011   6.32456   2.82843   2.82843   13.1529   14.1421   15.1327   16.1245   23.0868   24.0832   25.0799   26.0768    27.074   9.48683    6.7082   3.60555   3.60555   13.3417   16.2788   23.1948   27.1662   9.84886    7.2111   4.47214   4.12311         4   4.12311   4.47214   13.6015   14.5602   15.5242   16.4924   23.3452   27.2947   10.2956   7.81025   23.5372   27.4591   10.8167   8.48528   23.7697   27.6586   11.4018   10.6301   9.89949   9.21954   24.0416        25   25.9615   26.9258   27.8927   8.06226         8   8.06226   8.24621     8.544   8.94427   9.05539   9.84886   10.0499   10.7703   11.0454   11.7047   12.0416        12   12.0416   12.1655   12.3693   12.6491   13.8924   14.4222        15   15.6205   13.1529   13.3417   13.6015   13.9284   14.7648   16.4012   14.1421   14.8661   15.6525   17.2047   15.1327   15.8114   16.5529        17   16.1245   16.2788   16.4924   16.7631
         3         2         1         0         1   3.16228   1.41421    10.198   9.21954   8.24621   7.28011   3.60555   2.23607   12.1655   13.1529   14.1421   15.1327   22.0907   23.0868   24.0832   25.0799   26.0768   10.4403   7.61577   4.24264   3.16228   12.3693   15.2971   22.2036   26.1725   10.7703   8.06226         5   4.47214   4.12311         4   4.12311   12.6491   13.6015   14.5602   15.5242   22.3607   26.3059   11.1803   8.60233    22.561   26.4764   11.6619   9.21954   22.8035   26.6833   12.2066   11.4018   10.6301   9.89949   23.0868   24.0416        25   25.9615   26.9258   8.24621   8.06226         8   8.06226   8.24621     8.544   9.21954   9.48683    10.198   10.4403   11.1803   11.4018   12.1655   12.0416        12   12.0416   12.1655   12.3693   13.4164   13.8924   14.4222        15   13.0384   13.1529   13.3417   13.6015   14.3178   15.8114   14.0357   14.5602   15.2315   16.6433   15.0333   15.5242   16.1555   16.5529   16.0312   16.1245   16.2788   16.4924
         4         3         2         1         0   4.12311         1   11.1803    10.198   9.21954   8.24621   4.47214         2   11.1803   12.1655   13.1529   14.1421    21.095   22.0907   23.0868   24.0832   25.0799   11.4018     8.544         5         3   11.4018   14.3178   21.2132   25.1794   11.7047   8.94427   5.65685         5   4.47214   4.12311         4   11.7047   12.6491   13.6015   14.5602   21.3776    25.318    12.083   9.43398    21.587   25.4951     12.53        10   21.8403   25.7099   13.0384   12.2066   11.4018   10.6301   22.1359   23.0868   24.0416        25   25.9615     8.544   8.24621   8.06226         8   8.06226   8.24621   9.48683   9.21954   10.4403    10.198   11.4018   11.1803   12.3693   12.1655   12.0416        12   12.0416   12.1655        13   13.4164   13.8924   14.4222        13   13.0384   13.1529   13.3417   13.9284   15.2643        14   14.3178   14.8661   16.1245        15   15.2971   15.8114   16.1555        16   16.0312   16.1245   16.2788
         1   1.41421   2.23607   3.16228   4.12311         0         4   7.07107   6.08276   5.09902   4.12311         1   4.12311   15.0333   16.0312   17.0294   18.0278     25.02   26.0192   27.0185   28.0179   29.0172   7.28011   4.47214         2   4.47214   15.1327   18.1108   25.0799   29.0689   7.61577         5         3   3.16228   3.60555   4.24264         5   15.2971   16.2788   17.2627   18.2483   25.1794   29.1548   8.06226   5.65685    25.318   29.2746   8.60233   6.40312   25.4951   29.4279   9.21954   8.48528   7.81025    7.2111   25.7099   26.6833   27.6586   28.6356   29.6142   7.07107   7.28011   7.61577   8.06226   8.60233   9.21954   8.06226        10   9.05539   10.8167   10.0499   11.6619   11.0454   11.1803   11.4018   11.7047    12.083     12.53   14.2127   14.8661   15.5563   16.2788   12.6491        13   13.4164   13.8924        15   16.9706   13.6015   14.7648   15.8114   17.6918   14.5602   15.6525   16.6433   17.2047   15.5242   15.8114   16.1555   16.5529
   4.12311   3.16228   2.23607   1.41421         1         4         0   11.0454   10.0499   9.05539   8.06226   4.12311         1   11.0454   12.0416   13.0384   14.0357   21.0238   22.0227   23.0217   24.0208     25.02   11.1803   8.24621   4.47214         2   11.1803   14.1421    21.095   25.0799   11.4018     8.544         5   4.24264   3.60555   3.16228         3   11.4018   12.3693   13.3417   14.3178   21.2132   25.1794   11.7047   8.94427   21.3776    25.318    12.083   9.43398    21.587   25.4951     12.53   11.6619   10.8167        10   21.8403   22.8035   23.7697   24.7386   25.7099   7.61577   7.28011   7.07107         7   7.07107   7.28011     8.544   8.24621   9.48683   9.21954   10.4403    10.198   11.4018   11.1803   11.0454        11   11.0454   11.1803    12.083     12.53   13.0384   13.6015        12   12.0416   12.1655   12.3693        13   14.4222        13   13.3417   13.9284   15.2643        14   14.3178   14.8661   15.2315        15   15.0333   15.1327   15.2971
   7.28011   8.24621   9.21954    10.198   11.1803   7.07107   11.0454         0         1         2         3         7        11        22        23        24        25        32        33        34        35        36         1   3.16228   7.07107   11.0454   22.0227     25.02   32.0156   36.0139         2   3.60555   7.28011   8.24621   9.21954    10.198   11.1803   22.0907   23.0868   24.0832   25.0799   32.0624   36.0555         3   4.24264   32.1403   36.1248         4         5    32.249   36.2215         5   5.09902   5.38516   5.83095   32.3883   33.3766   34.3657   35.3553   36.3456        10   10.8167   11.6619     12.53   13.4164   14.3178   10.6301   14.7648   11.3137   15.2643   12.0416   15.8114   12.8062   13.4536   14.1421   14.8661   15.6205   16.4012    18.868   19.7231   20.5913   21.4709   15.5563   16.2788   17.0294   17.8045   19.4165   21.9545   16.2788   18.4391        20   22.4722   17.0294    19.105   20.6155   21.4009   17.8045   18.4391    19.105    19.799
   6.32456   7.28011   8.24621   9.21954    10.198   6.08276   10.0499         1         0         1         2         6        10        21        22        23        24        31        32        33        34        35   1.41421   2.23607   6.08276   10.0499   21.0238   24.0208   31.0161   35.0143   2.23607   2.82843   6.32456   7.28011   8.24621   9.21954    10.198    21.095   22.0907   23.0868   24.0832   31.0644   35.0571   3.16228   3.60555   31.1448   35.1283   4.12311   4.47214    31.257   35.2278   5.09902         5   5.09902   5.38516   31.4006   32.3883   33.3766   34.3657   35.3553   9.21954        10   10.8167   11.6619     12.53   13.4164   9.89949   13.8924   10.6301   14.4222   11.4018        15   12.2066   12.8062   13.4536   14.1421   14.8661   15.6205   18.0278    18.868   19.7231   20.5913   14.8661   15.5563   16.2788   17.0294   18.6011    21.095   15.6205   17.6918   19.2094   21.6333   16.4012   18.3848   19.8494   20.6155   17.2047   17.8045   18.4391    19.105
   5.38516   6.32456   7.28011   8.24621   9.21954   5.09902   9.05539         2         1         0         1         5         9        20        21        22        23        30        31        32        33        34   2.23607   1.41421   5.09902   9.05539    20.025   23.0217   30.0167   34.0147   2.82843   2.23607   5.38516   6.32456   7.28011   8.24621   9.21954   20.0998    21.095   22.0907   23.0868   30.0666   34.0588   3.60555   3.16228   30.1496   34.1321   4.47214   4.12311   30.2655   34.2345   5.38516   5.09902         5   5.09902   30.4138   31.4006   32.3883   33.3766   34.3657   8.48528   9.21954        10   10.8167   11.6619     12.53   9.21954   13.0384        10   13.6015   10.8167   14.2127   11.6619   12.2066   12.8062   13.4536   14.1421   14.8661   17.2047   18.0278    18.868   19.7231   14.2127   14.8661   15.5563   16.2788   17.8045   20.2485        15   16.9706   18.4391   20.8087   15.8114   17.6918    19.105   19.8494   16.6433   17.2047   17.8045   18.4391
   4.47214   5.38516   6.32456   7.28011   8.24621   4.12311   8.06226         3         2         1         0         4         8        19        20        21        22        29        30        31        32        33   3.16228         1   4.12311   8.06226   19.0263   22.0227   29.0172   33.0151   3.60555         2   4.47214   5.38516   6.32456   7.28011   8.24621    19.105   20.0998    21.095   22.0907   29.0689   33.0606   4.24264         3   29.1548   33.1361         5         4   29.2746   33.2415   5.83095   5.38516   5.09902         5   29.4279   30.4138   31.4006   32.3883   33.3766   7.81025   8.48528   9.21954        10   10.8167   11.6619   8.60233   12.2066   9.43398   12.8062   10.2956   13.4536   11.1803   11.6619   12.2066   12.8062   13.4536   14.1421   16.4012   17.2047   18.0278    18.868   13.6015   14.2127   14.8661   15.5563   17.0294   19.4165   14.4222   16.2788   17.6918        20   15.2643   17.0294   18.3848    19.105   16.1245   16.6433   17.2047   17.8045
         2   2.23607   2.82843   3.60555   4.47214         1   4.12311         7         6         5         4         0         4        15        16        17        18        25        26        27        28        29   7.07107   4.12311         1   4.12311   15.0333   18.0278     25.02   29.0172   7.28011   4.47214         2   2.23607   2.82843   3.60555   4.47214   15.1327   16.1245   17.1172   18.1108   25.0799   29.0689   7.61577         5   25.1794   29.1548   8.06226   5.65685    25.318   29.2746   8.60233   7.81025   7.07107   6.40312   25.4951   26.4764   27.4591   28.4429   29.4279   6.08276   6.32456    6.7082    7.2111   7.81025   8.48528   7.07107   9.21954   8.06226        10   9.05539   10.8167   10.0499    10.198   10.4403   10.7703   11.1803   11.6619   13.4536   14.1421   14.8661   15.6205   11.7047    12.083     12.53   13.0384   14.2127   16.2788   12.6491   13.8924        15   16.9706   13.6015   14.7648   15.8114   16.4012   14.5602   14.8661   15.2315   15.6525
   4.47214   3.60555   2.82843   2.23607         2   4.12311         1        11        10         9         8         4         0        11        12        13        14        21        22        23        24        25   11.0454   8.06226   4.12311         1   11.0454   14.0357   21.0238     25.02   11.1803   8.24621   4.47214   3.60555   2.82843   2.23607         2   11.1803   12.1655   13.1529   14.1421    21.095   25.0799   11.4018     8.544   21.2132   25.1794   11.7047   8.94427   21.3776    25.318    12.083   11.1803   10.2956   9.43398    21.587    22.561   23.5372   24.5153   25.4951    6.7082   6.32456   6.08276         6   6.08276   6.32456   7.61577   7.28011     8.544   8.24621   9.48683   9.21954   10.4403    10.198   10.0499        10   10.0499    10.198   11.1803   11.6619   12.2066   12.8062        11   11.0454   11.1803   11.4018    12.083   13.6015        12   12.3693        13   14.4222        13   13.3417   13.9284   14.3178        14   14.0357   14.1421   14.3178
   15.1327   14.1421   13.1529   12.1655   11.1803   15.0333   11.0454        22        21        20        19        15        11         0         1         2         3        10        11        12        13        14   22.0227   19.0263   15.0333   11.0454         1   3.16228   10.0499   14.0357   22.0907    19.105   15.1327   14.1421   13.1529   12.1655   11.1803         2   2.23607   2.82843   3.60555    10.198   14.1421   22.2036   19.2354   10.4403   14.3178   22.3607   19.4165   10.7703   14.5602    22.561    21.587   20.6155   19.6469   11.1803    12.083        13   13.9284   14.8661   15.2315   14.3178   13.4164     12.53   11.6619   10.8167   15.6525   11.4018   16.1245   12.0416   16.6433   12.7279   17.2047   16.4012   15.6205   14.8661   14.1421   13.4536   11.6619   11.1803   10.7703   10.4403   15.5563   14.8661   14.2127   13.6015     12.53   11.4018   16.2788   14.4222   13.4164   12.3693   17.0294   15.2643   14.3178   13.9284   17.8045   17.2047   16.6433   16.1245
   16.1245   15.1327   14.1421   13.1529   12.1655   16.0312   12.0416        23        22        21        20        16        12         1         0         1         2         9        10        11        12        13   23.0217    20.025   16.0312   12.0416   1.41421   2.23607   9.05539   13.0384   23.0868   20.0998   16.1245   15.1327   14.1421   13.1529   12.1655   2.23607         2   2.23607   2.82843   9.21954   13.1529   23.1948   20.2237   9.48683   13.3417   23.3452   20.3961   9.84886   13.6015   23.5372    22.561    21.587   20.6155   10.2956   11.1803    12.083        13   13.9284   16.1555   15.2315   14.3178   13.4164     12.53   11.6619   16.5529   12.2066        17   12.8062   17.4929   13.4536   18.0278   17.2047   16.4012   15.6205   14.8661   14.1421   12.2066   11.6619   11.1803   10.7703   16.2788   15.5563   14.8661   14.2127   13.0384   11.7047   16.9706        15   13.8924   12.6491   17.6918   15.8114   14.7648   14.3178   18.4391   17.8045   17.2047   16.6433
   17.1172   16.1245   15.1327   14.1421   13.1529   17.0294   13.0384        24        23        22        21        17        13         2         1         0         1         8         9        10        11        12   24.0208   21.0238   17.0294   13.0384   2.23607   1.41421   8.06226   12.0416   24.0832    21.095   17.1172   16.1245   15.1327   14.1421   13.1529   2.82843   2.23607         2   2.23607   8.24621   12.1655   24.1868   21.2132     8.544   12.3693   24.3311   21.3776   8.94427   12.6491   24.5153   23.5372    22.561    21.587   9.43398   10.2956   11.1803    12.083        13    17.088   16.1555   15.2315   14.3178   13.4164     12.53   17.4642   13.0384   17.8885   13.6015   18.3576   14.2127    18.868   18.0278   17.2047   16.4012   15.6205   14.8661   12.8062   12.2066   11.6619   11.1803   17.0294   16.2788   15.5563   14.8661   13.6015    12.083   17.6918   15.6205   14.4222        13   18.3848   16.4012   15.2643   14.7648    19.105   18.4391   17.8045   17.2047
   18.1108   17.1172   16.1245   15.1327   14.1421   18.0278   14.0357        25        24        23        22        18        14         3         2         1         0         7         8         9        10        11     25.02   22.0227   18.0278   14.0357   3.16228         1   7.07107   11.0454   25.0799   22.0907   18.1108   17.1172   16.1245   15.1327   14.1421   3.60555   2.82843   2.23607         2   7.28011   11.1803   25.1794   22.2036   7.61577   11.4018    25.318   22.3607   8.06226   11.7047   25.4951   24.5153   23.5372    22.561   8.60233   9.43398   10.2956   11.1803    12.083   18.0278    17.088   16.1555   15.2315   14.3178   13.4164   18.3848   13.8924   18.7883   14.4222   19.2354        15   19.7231    18.868   18.0278   17.2047   16.4012   15.6205   13.4536   12.8062   12.2066   11.6619   17.8045   17.0294   16.2788   15.5563   14.2127     12.53   18.4391   16.2788        15   13.4164    19.105   17.0294   15.8114   15.2643    19.799    19.105   18.4391   17.8045
   25.0799   24.0832   23.0868   22.0907    21.095     25.02   21.0238        32        31        30        29        25        21        10         9         8         7         0         1         2         3         4   32.0156   29.0172     25.02   21.0238   10.0499   7.07107         1   4.12311   32.0624   29.0689   25.0799   24.0832   23.0868   22.0907    21.095    10.198   9.21954   8.24621   7.28011         2   4.47214   32.1403   29.1548         3         5    32.249   29.2746         4   5.65685   32.3883   31.4006   30.4138   29.4279         5   5.09902   5.38516   5.83095   6.40312   24.7386   23.7697   22.8035   21.8403   20.8806   19.9249        25   20.2485   25.2982   20.6155    25.632   21.0238        26   25.0799   24.1661   23.2594   22.3607   21.4709    18.868   18.0278   17.2047   16.4012   23.7065   22.8254   21.9545    21.095   19.4165   17.0294   24.1868   21.6333        20   17.6918   24.6982   22.2036   20.6155   19.8494   25.2389   24.4131   23.6008   22.8035
   26.0768   25.0799   24.0832   23.0868   22.0907   26.0192   22.0227        33        32        31        30        26        22        11        10         9         8         1         0         1         2         3   33.0151   30.0167   26.0192   22.0227   11.0454   8.06226   1.41421   3.16228   33.0606   30.0666   26.0768   25.0799   24.0832   23.0868   22.0907   11.1803    10.198   9.21954   8.24621   2.23607   3.60555   33.1361   30.1496   3.16228   4.24264   33.2415   30.2655   4.12311         5   33.3766   32.3883   31.4006   30.4138   5.09902         5   5.09902   5.38516   5.83095   25.7099   24.7386   23.7697   22.8035   21.8403   20.8806   25.9615   21.1896   26.2488   21.5407   26.5707   21.9317   26.9258        26   25.0799   24.1661   23.2594   22.3607   19.7231    18.868   18.0278   17.2047   24.5967   23.7065   22.8254   21.9545   20.2485   17.8045   25.0599   22.4722   20.8087   18.4391   25.5539   23.0217   21.4009   20.6155   26.0768   25.2389   24.4131   23.6008
    27.074   26.0768   25.0799   24.0832   23.0868   27.0185   23.0217        34        33        32        31        27        23        12        11        10         9         2         1         0         1         2   34.0147   31.0161   27.0185   23.0217   12.0416   9.05539   2.23607   2.23607   34.0588   31.0644    27.074   26.0768   25.0799   24.0832   23.0868   12.1655   11.1803    10.198   9.21954   2.82843   2.82843   34.1321   31.1448   3.60555   3.60555   34.2345    31.257   4.47214   4.47214   34.3657   33.3766   32.3883   31.4006   5.38516   5.09902         5   5.09902   5.38516   26.6833   25.7099   24.7386   23.7697   22.8035   21.8403   26.9258   22.1359   27.2029   22.4722   27.5136   22.8473   27.8568   26.9258        26   25.0799   24.1661   23.2594   20.5913   19.7231    18.868   18.0278   25.4951   24.5967   23.7065   22.8254    21.095   18.6011   25.9422   23.3238   21.6333   19.2094   26.4197   23.8537   22.2036   21.4009   26.9258   26.0768   25.2389   24.4131
   28.0713    27.074   26.0768   25.0799   24.0832   28.0179   24.0208        35        34        33        32        28        24        13        12        11        10         3         2         1         0         1   35.0143   32.0156   28.0179   24.0208   13.0384   10.0499   3.16228   1.41421   35.0571   32.0624   28.0713    27.074   26.0768   25.0799   24.0832   13.1529   12.1655   11.1803    10.198   3.60555   2.23607   35.1283   32.1403   4.24264   3.16228   35.2278    32.249         5   4.12311   35.3553   34.3657   33.3766   32.3883   5.83095   5.38516   5.09902         5   5.09902   27.6586   26.6833   25.7099   24.7386   23.7697   22.8035   27.8927   23.0868   28.1603   23.4094   28.4605   23.7697   28.7924   27.8568   26.9258        26   25.0799   24.1661   21.4709   20.5913   19.7231    18.868   26.4008   25.4951   24.5967   23.7065   21.9545   19.4165   26.8328   24.1868   22.4722        20   27.2947   24.6982   23.0217   22.2036   27.7849   26.9258   26.0768   25.2389
   29.0689   28.0713    27.074   26.0768   25.0799   29.0172     25.02        36        35        34        33        29        25        14        13        12        11         4         3         2         1         0   36.0139   33.0151   29.0172     25.02   14.0357   11.0454   4.12311         1   36.0555   33.0606   29.0689   28.0713    27.074   26.0768   25.0799   14.1421   13.1529   12.1655   11.1803   4.47214         2   36.1248   33.1361         5         3   36.2215   33.2415   5.65685         4   36.3456   35.3553   34.3657   33.3766   6.40312   5.83095   5.38516   5.09902         5   28.6356   27.6586   26.6833   25.7099   24.7386   23.7697   28.8617   24.0416   29.1204   24.3516   29.4109   24.6982   29.7321   28.7924   27.8568   26.9258        26   25.0799   22.3607   21.4709   20.5913   19.7231    27.313   26.4008   25.4951   24.5967   22.8254   20.2485   27.7308   25.0599   23.3238   20.8087    28.178   25.5539   23.8537   23.0217   28.6531   27.7849   26.9258   26.0768
   7.61577     8.544   9.48683   10.4403   11.4018   7.28011   11.1803         1   1.41421   2.23607   3.16228   7.07107   11.0454   22.0227   23.0217   24.0208     25.02   32.0156   33.0151   34.0147   35.0143   36.0139         0         3         7        11        22        25        32        36         1   3.16228   7.07107   8.06226   9.05539   10.0499   11.0454   22.0227   23.0217   24.0208     25.02   32.0156   36.0139         2   3.60555   32.0624   36.0555         3   4.24264   32.1403   36.1248         4   4.12311   4.47214         5    32.249   33.2415   34.2345   35.2278   36.2215   9.43398   10.2956   11.1803    12.083        13   13.9284        10   14.3178   10.6301   14.7648   11.3137   15.2643   12.0416   12.7279   13.4536   14.2127        15   15.8114   18.3576   19.2354   20.1246   21.0238   14.8661   15.6205   16.4012   17.2047    18.868   21.4709   15.5563   17.8045   19.4165   21.9545   16.2788   18.4391        20   20.8087   17.0294   17.6918   18.3848    19.105
         5   5.83095    6.7082   7.61577     8.544   4.47214   8.24621   3.16228   2.23607   1.41421         1   4.12311   8.06226   19.0263    20.025   21.0238   22.0227   29.0172   30.0167   31.0161   32.0156   33.0151         3         0         4         8        19        22        29        33   3.16228         1   4.12311   5.09902   6.08276   7.07107   8.06226   19.0263    20.025   21.0238   22.0227   29.0172   33.0151   3.60555         2   29.0689   33.0606   4.24264         3   29.1548   33.1361         5   4.47214   4.12311         4   29.2746   30.2655    31.257    32.249   33.2415   7.07107   7.81025   8.60233   9.43398   10.2956   11.1803   7.81025   11.6619   8.60233   12.2066   9.43398   12.8062   10.2956   10.8167   11.4018   12.0416   12.7279   13.4536   15.8114   16.6433   17.4929   18.3576   12.8062   13.4536   14.1421   14.8661   16.4012    18.868   13.6015   15.5563   17.0294   19.4165   14.4222   16.2788   17.6918   18.4391   15.2643   15.8114   16.4012   17.0294
         3   3.16228   3.60555   4.24264         5         2   4.47214   7.07107   6.08276   5.09902   4.12311         1   4.12311   15.0333   16.0312   17.0294   18.0278     25.02   26.0192   27.0185   28.0179   29.0172         7         4         0         4        15        18        25        29   7.07107   4.12311         1   1.41421   2.23607   3.16228   4.12311   15.0333   16.0312   17.0294   18.0278     25.02   29.0172   7.28011   4.47214   25.0799   29.0689   7.61577         5   25.1794   29.1548   8.06226    7.2111   6.40312   5.65685    25.318   26.3059   27.2947   28.2843   29.2746   5.09902   5.38516   5.83095   6.40312   7.07107   7.81025   6.08276   8.48528   7.07107   9.21954   8.06226        10   9.05539   9.21954   9.48683   9.84886   10.2956   10.8167   12.7279   13.4536   14.2127        15   10.7703   11.1803   11.6619   12.2066   13.4536   15.6205   11.7047   13.0384   14.2127   16.2788   12.6491   13.8924        15   15.6205   13.6015   13.9284   14.3178   14.7648
         5   4.24264   3.60555   3.16228         3   4.47214         2   11.0454   10.0499   9.05539   8.06226   4.12311         1   11.0454   12.0416   13.0384   14.0357   21.0238   22.0227   23.0217   24.0208     25.02        11         8         4         0        11        14        21        25   11.0454   8.06226   4.12311   3.16228   2.23607   1.41421         1   11.0454   12.0416   13.0384   14.0357   21.0238     25.02   11.1803   8.24621    21.095   25.0799   11.4018     8.544   21.2132   25.1794   11.7047   10.7703   9.84886   8.94427   21.3776   22.3607   23.3452   24.3311    25.318   5.83095   5.38516   5.09902         5   5.09902   5.38516    6.7082   6.32456   7.61577   7.28011     8.544   8.24621   9.48683   9.21954   9.05539         9   9.05539   9.21954   10.2956   10.8167   11.4018   12.0416        10   10.0499    10.198   10.4403   11.1803   12.8062        11   11.4018    12.083   13.6015        12   12.3693        13   13.4164        13   13.0384   13.1529   13.3417
   15.2971   14.3178   13.3417   12.3693   11.4018   15.1327   11.1803   22.0227   21.0238    20.025   19.0263   15.0333   11.0454         1   1.41421   2.23607   3.16228   10.0499   11.0454   12.0416   13.0384   14.0357        22        19        15        11         0         3        10        14   22.0227   19.0263   15.0333   14.0357   13.0384   12.0416   11.0454         1   1.41421   2.23607   3.16228   10.0499   14.0357   22.0907    19.105    10.198   14.1421   22.2036   19.2354   10.4403   14.3178   22.3607   21.3776   20.3961   19.4165   10.7703   11.7047   12.6491   13.6015   14.5602   14.8661   13.9284        13    12.083   11.1803   10.2956   15.2315   10.8167   15.6525   11.4018   16.1245   12.0416   16.6433   15.8114        15   14.2127   13.4536   12.7279   10.8167   10.2956   9.84886   9.48683   14.8661   14.1421   13.4536   12.8062   11.6619   10.4403   15.5563   13.6015     12.53   11.4018   16.2788   14.4222   13.4164        13   17.0294   16.4012   15.8114   15.2643
   18.2483   17.2627   16.2788   15.2971   14.3178   18.1108   14.1421     25.02   24.0208   23.0217   22.0227   18.0278   14.0357   3.16228   2.23607   1.41421         1   7.07107   8.06226   9.05539   10.0499   11.0454        25        22        18        14         3         0         7        11     25.02   22.0227   18.0278   17.0294   16.0312   15.0333   14.0357   3.16228   2.23607   1.41421         1   7.07107   11.0454   25.0799   22.0907   7.28011   11.1803   25.1794   22.2036   7.61577   11.4018    25.318   24.3311   23.3452   22.3607   8.06226   8.94427   9.84886   10.7703   11.7047     17.72   16.7631   15.8114   14.8661   13.9284        13   18.0278   13.4164   18.3848   13.8924   18.7883   14.4222   19.2354   18.3576   17.4929   16.6433   15.8114        15   12.7279   12.0416   11.4018   10.8167   17.2047   16.4012   15.6205   14.8661   13.4536   11.6619   17.8045   15.5563   14.2127     12.53   18.4391   16.2788        15   14.4222    19.105   18.3848   17.6918   17.0294
   25.1794   24.1868   23.1948   22.2036   21.2132   25.0799    21.095   32.0156   31.0161   30.0167   29.0172     25.02   21.0238   10.0499   9.05539   8.06226   7.07107         1   1.41421   2.23607   3.16228   4.12311        32        29        25        21        10         7         0         4   32.0156   29.0172     25.02   24.0208   23.0217   22.0227   21.0238   10.0499   9.05539   8.06226   7.07107         1   4.12311   32.0624   29.0689         2   4.47214   32.1403   29.1548         3         5    32.249    31.257   30.2655   29.2746         4   4.12311   4.47214         5   5.65685   24.5153   23.5372    22.561    21.587   20.6155   19.6469   24.7386   19.9249        25   20.2485   25.2982   20.6155    25.632   24.6982   23.7697   22.8473   21.9317   21.0238   18.3576   17.4929   16.6433   15.8114   23.2594   22.3607   21.4709   20.5913    18.868   16.4012   23.7065    21.095   19.4165   17.0294   24.1868   21.6333        20   19.2094   24.6982   23.8537   23.0217   22.2036
   29.1548   28.1603   27.1662   26.1725   25.1794   29.0689   25.0799   36.0139   35.0143   34.0147   33.0151   29.0172     25.02   14.0357   13.0384   12.0416   11.0454   4.12311   3.16228   2.23607   1.41421         1        36        33        29        25        14        11         4         0   36.0139   33.0151   29.0172   28.0179   27.0185   26.0192     25.02   14.0357   13.0384   12.0416   11.0454   4.12311         1   36.0555   33.0606   4.47214         2   36.1248   33.1361         5         3   36.2215   35.2278   34.2345   33.2415   5.65685         5   4.47214   4.12311         4   28.4429   27.4591   26.4764   25.4951   24.5153   23.5372   28.6356   23.7697   28.8617   24.0416   29.1204   24.3516   29.4109   28.4605   27.5136   26.5707    25.632   24.6982   21.9317   21.0238   20.1246   19.2354   26.9258        26   25.0799   24.1661   22.3607   19.7231    27.313   24.5967   22.8254   20.2485   27.7308   25.0599   23.3238   22.4722    28.178   27.2947   26.4197   25.5539
   8.06226   8.94427   9.84886   10.7703   11.7047   7.61577   11.4018         2   2.23607   2.82843   3.60555   7.28011   11.1803   22.0907   23.0868   24.0832   25.0799   32.0624   33.0606   34.0588   35.0571   36.0555         1   3.16228   7.07107   11.0454   22.0227     25.02   32.0156   36.0139         0         3         7         8         9        10        11        22        23        24        25        32        36         1   3.16228   32.0156   36.0139         2   3.60555   32.0624   36.0555         3   3.16228   3.60555   4.24264   32.1403   33.1361   34.1321   35.1283   36.1248   8.94427   9.84886   10.7703   11.7047   12.6491   13.6015   9.43398   13.9284        10   14.3178   10.6301   14.7648   11.3137   12.0416   12.8062   13.6015   14.4222   15.2643   17.8885   18.7883   19.6977   20.6155   14.2127        15   15.8114   16.6433   18.3576   21.0238   14.8661   17.2047    18.868   21.4709   15.5563   17.8045   19.4165   20.2485   16.2788   16.9706   17.6918   18.4391
   5.65685   6.40312    7.2111   8.06226   8.94427         5     8.544   3.60555   2.82843   2.23607         2   4.47214   8.24621    19.105   20.0998    21.095   22.0907   29.0689   30.0666   31.0644   32.0624   33.0606   3.16228         1   4.12311   8.06226   19.0263   22.0227   29.0172   33.0151         3         0         4         5         6         7         8        19        20        21        22        29        33   3.16228         1   29.0172   33.0151   3.60555         2   29.0689   33.0606   4.24264   3.60555   3.16228         3   29.1548   30.1496   31.1448   32.1403   33.1361   6.40312    7.2111   8.06226   8.94427   9.84886   10.7703   7.07107   11.1803   7.81025   11.6619   8.60233   12.2066   9.43398        10   10.6301   11.3137   12.0416   12.8062   15.2643   16.1245        17   17.8885   12.0416   12.7279   13.4536   14.2127   15.8114   18.3576   12.8062   14.8661   16.4012    18.868   13.6015   15.5563   17.0294   17.8045   14.4222        15   15.6205   16.2788
         4   4.12311   4.47214         5   5.65685         3         5   7.28011   6.32456   5.38516   4.47214         2   4.47214   15.1327   16.1245   17.1172   18.1108   25.0799   26.0768    27.074   28.0713   29.0689   7.07107   4.12311         1   4.12311   15.0333   18.0278     25.02   29.0172         7         4         0         1         2         3         4        15        16        17        18        25        29   7.07107   4.12311     25.02   29.0172   7.28011   4.47214   25.0799   29.0689   7.61577    6.7082   5.83095         5   25.1794   26.1725   27.1662   28.1603   29.1548   4.12311   4.47214         5   5.65685   6.40312    7.2111   5.09902   7.81025   6.08276   8.48528   7.07107   9.21954   8.06226   8.24621     8.544   8.94427   9.43398        10   12.0416   12.8062   13.6015   14.4222   9.84886   10.2956   10.8167   11.4018   12.7279        15   10.7703   12.2066   13.4536   15.6205   11.7047   13.0384   14.2127   14.8661   12.6491        13   13.4164   13.8924
   4.12311         4   4.12311   4.47214         5   3.16228   4.24264   8.24621   7.28011   6.32456   5.38516   2.23607   3.60555   14.1421   15.1327   16.1245   17.1172   24.0832   25.0799   26.0768    27.074   28.0713   8.06226   5.09902   1.41421   3.16228   14.0357   17.0294   24.0208   28.0179         8         5         1         0         1         2         3        14        15        16        17        24        28   8.06226   5.09902   24.0208   28.0179   8.24621   5.38516   24.0832   28.0713     8.544   7.61577    6.7082   5.83095   24.1868   25.1794   26.1725   27.1662   28.1603         4   4.12311   4.47214         5   5.65685   6.40312         5   7.07107         6   7.81025         7   8.60233         8   8.06226   8.24621     8.544   8.94427   9.43398   11.3137   12.0416   12.8062   13.6015   9.48683   9.84886   10.2956   10.8167   12.0416   14.2127   10.4403   11.6619   12.8062   14.8661   11.4018     12.53   13.6015   14.2127   12.3693   12.6491        13   13.4164
   4.47214   4.12311         4   4.12311   4.47214   3.60555   3.60555   9.21954   8.24621   7.28011   6.32456   2.82843   2.82843   13.1529   14.1421   15.1327   16.1245   23.0868   24.0832   25.0799   26.0768    27.074   9.05539   6.08276   2.23607   2.23607   13.0384   16.0312   23.0217   27.0185         9         6         2         1         0         1         2        13        14        15        16        23        27   9.05539   6.08276   23.0217   27.0185   9.21954   6.32456   23.0868    27.074   9.48683     8.544   7.61577    6.7082   23.1948   24.1868   25.1794   26.1725   27.1662   4.12311         4   4.12311   4.47214         5   5.65685   5.09902   6.40312   6.08276    7.2111   7.07107   8.06226   8.06226         8   8.06226   8.24621     8.544   8.94427   10.6301   11.3137   12.0416   12.8062   9.21954   9.48683   9.84886   10.2956   11.4018   13.4536    10.198   11.1803   12.2066   14.1421   11.1803    12.083   13.0384   13.6015   12.1655   12.3693   12.6491        13
         5   4.47214   4.12311         4   4.12311   4.24264   3.16228    10.198   9.21954   8.24621   7.28011   3.60555   2.23607   12.1655   13.1529   14.1421   15.1327   22.0907   23.0868   24.0832   25.0799   26.0768   10.0499   7.07107   3.16228   1.41421   12.0416   15.0333   22.0227   26.0192        10         7         3         2         1         0         1        12        13        14        15        22        26   10.0499   7.07107   22.0227   26.0192    10.198   7.28011   22.0907   26.0768   10.4403   9.48683     8.544   7.61577   22.2036   23.1948   24.1868   25.1794   26.1725   4.47214   4.12311         4   4.12311   4.47214         5   5.38516   5.83095   6.32456    6.7082   7.28011   7.61577   8.24621   8.06226         8   8.06226   8.24621     8.544        10   10.6301   11.3137   12.0416   9.05539   9.21954   9.48683   9.84886   10.8167   12.7279   10.0499   10.7703   11.6619   13.4536   11.0454   11.7047     12.53   13.0384   12.0416   12.1655   12.3693   12.6491
   5.65685         5   4.47214   4.12311         4         5         3   11.1803    10.198   9.21954   8.24621   4.47214         2   11.1803   12.1655   13.1529   14.1421    21.095   22.0907   23.0868   24.0832   25.0799   11.0454   8.06226   4.12311         1   11.0454   14.0357   21.0238     25.02        11         8         4         3         2         1         0        11        12        13        14        21        25   11.0454   8.06226   21.0238     25.02   11.1803   8.24621    21.095   25.0799   11.4018   10.4403   9.48683     8.544   21.2132   22.2036   23.1948   24.1868   25.1794         5   4.47214   4.12311         4   4.12311   4.47214   5.83095   5.38516    6.7082   6.32456   7.61577   7.28011     8.544   8.24621   8.06226         8   8.06226   8.24621   9.43398        10   10.6301   11.3137         9   9.05539   9.21954   9.48683   10.2956   12.0416        10   10.4403   11.1803   12.8062        11   11.4018    12.083     12.53        12   12.0416   12.1655   12.3693
   15.5242   14.5602   13.6015   12.6491   11.7047   15.2971   11.4018   22.0907    21.095   20.0998    19.105   15.1327   11.1803         2   2.23607   2.82843   3.60555    10.198   11.1803   12.1655   13.1529   14.1421   22.0227   19.0263   15.0333   11.0454         1   3.16228   10.0499   14.0357        22        19        15        14        13        12        11         0         1         2         3        10        14   22.0227   19.0263   10.0499   14.0357   22.0907    19.105    10.198   14.1421   22.2036   21.2132   20.2237   19.2354   10.4403   11.4018   12.3693   13.3417   14.3178   14.5602   13.6015   12.6491   11.7047   10.7703   9.84886   14.8661   10.2956   15.2315   10.8167   15.6525   11.4018   16.1245   15.2643   14.4222   13.6015   12.8062   12.0416        10   9.43398   8.94427     8.544   14.2127   13.4536   12.7279   12.0416   10.8167   9.48683   14.8661   12.8062   11.6619   10.4403   15.5563   13.6015     12.53    12.083   16.2788   15.6205        15   14.4222
   16.4924   15.5242   14.5602   13.6015   12.6491   16.2788   12.3693   23.0868   22.0907    21.095   20.0998   16.1245   12.1655   2.23607         2   2.23607   2.82843   9.21954    10.198   11.1803   12.1655   13.1529   23.0217    20.025   16.0312   12.0416   1.41421   2.23607   9.05539   13.0384        23        20        16        15        14        13        12         1         0         1         2         9        13   23.0217    20.025   9.05539   13.0384   23.0868   20.0998   9.21954   13.1529   23.1948   22.2036   21.2132   20.2237   9.48683   10.4403   11.4018   12.3693   13.3417   15.5242   14.5602   13.6015   12.6491   11.7047   10.7703   15.8114   11.1803   16.1555   11.6619   16.5529   12.2066        17   16.1245   15.2643   14.4222   13.6015   12.8062   10.6301        10   9.43398   8.94427        15   14.2127   13.4536   12.7279   11.4018   9.84886   15.6205   13.4536   12.2066   10.7703   16.2788   14.2127   13.0384     12.53   16.9706   16.2788   15.6205        15
