         0         1         2         1   2.23607   14.0357   15.0333   16.0312         2   2.23607   2.82843   14.1421   16.1245    21.095   22.0907   23.0868   24.0832   25.0799   26.0768   14.3178   16.2788   21.2132   26.1725   14.5602   15.5242   16.4924   21.3776   26.3059    21.587   26.4764   21.8403   26.6833   22.1359   23.0868   24.0416        25   25.9615   26.9258   26.2488   27.2029   28.1603   29.1204   30.0832   31.0483   19.2354   20.1246   21.0238   26.5707   31.3209   19.7231   21.4709   26.9258   31.6228   20.2485   21.9545    27.313   31.9531   20.8087   22.4722   27.7308    32.311   21.4009   23.0217    28.178   29.0689   29.9666   30.8707   31.7805   32.6956   14.0357        14   14.0357   14.1421   14.3178   22.0227   22.8035   23.6008   29.5296   30.4138    31.305   32.2025   33.1059   15.0333   15.2971   30.0167    33.541   16.0312   16.2788   30.5287        34   17.0294   17.2627   31.0644   34.4819   18.0278   31.6228     32.45   33.2866   34.1321   34.9857
         1         0         1   1.41421   1.41421   13.0384   14.0357   15.0333   2.23607         2   2.23607   13.1529   15.1327   20.0998    21.095   22.0907   23.0868   24.0832   25.0799   13.3417   15.2971   20.2237   25.1794   13.6015   14.5602   15.5242   20.3961    25.318   20.6155   25.4951   20.8806   25.7099   21.1896   22.1359   23.0868   24.0416        25   25.9615   25.2982   26.2488   27.2029   28.1603   29.1204   30.0832   18.3576   19.2354   20.1246    25.632   30.3645    18.868   20.5913        26   30.6757   19.4165    21.095   26.4008   31.0161        20   21.6333   26.8328   31.3847   20.6155   22.2036   27.2947    28.178   29.0689   29.9666   30.8707   31.7805   14.1421   14.0357        14   14.0357   14.1421   21.2603   22.0227   22.8035   28.6531   29.5296   30.4138    31.305   32.2025   15.1327   15.1327   29.1548   32.6497   16.1245   16.1245   29.6816    33.121   17.1172   17.1172   30.2324   33.6155   18.1108   30.8058   31.6228     32.45   33.2866   34.1321
         2         1         0   2.23607         1   12.0416   13.0384   14.0357   2.82843   2.23607         2   12.1655   14.1421    19.105   20.0998    21.095   22.0907   23.0868   24.0832   12.3693   14.3178   19.2354   24.1868   12.6491   13.6015   14.5602   19.4165   24.3311   19.6469   24.5153   19.9249   24.7386   20.2485   21.1896   22.1359   23.0868   24.0416        25   24.3516   25.2982   26.2488   27.2029   28.1603   29.1204   17.4929   18.3576   19.2354   24.6982   29.4109   18.0278   19.7231   25.0799   29.7321   18.6011   20.2485   25.4951   30.0832   19.2094   20.8087   25.9422   30.4631   19.8494   21.4009   26.4197   27.2947    28.178   29.0689   29.9666   30.8707   14.3178   14.1421   14.0357        14   14.0357   20.5183   21.2603   22.0227   27.7849   28.6531   29.5296   30.4138    31.305   15.2971   15.0333   28.3019   31.7648   16.2788   16.0312   28.8444    32.249   17.2627   17.0294   29.4109   32.7567   18.2483        30   30.8058   31.6228     32.45   33.2866
         1   1.41421   2.23607         0         2        14        15        16         1   1.41421   2.23607   14.0357   16.0312   21.0238   22.0227   23.0217   24.0208     25.02   26.0192   14.1421   16.1245    21.095   26.0768   14.3178   15.2971   16.2788   21.2132   26.1725   21.3776   26.3059    21.587   26.4764   21.8403   22.8035   23.7697   24.7386   25.7099   26.6833   25.9615   26.9258   27.8927   28.8617   29.8329   30.8058   18.7883   19.6977   20.6155   26.2488   31.0483   19.2354   21.0238   26.5707   31.3209   19.7231   21.4709   26.9258   31.6228   20.2485   21.9545    27.313   31.9531   20.8087   22.4722   27.7308   28.6356   29.5466   30.4631   31.3847    32.311   13.0384        13   13.0384   13.1529   13.3417   21.4009   22.2036   23.0217   29.0689   29.9666   30.8707   31.7805   32.6956   14.0357   14.3178   29.5296   33.1059   15.0333   15.2971   30.0167    33.541   16.0312   16.2788   30.5287        34   17.0294   31.0644   31.9061   32.7567   33.6155   34.4819
   2.23607   1.41421         1         2         0        12        13        14   2.23607   1.41421         1   12.0416   14.0357   19.0263    20.025   21.0238   22.0227   23.0217   24.0208   12.1655   14.1421    19.105   24.0832   12.3693   13.3417   14.3178   19.2354   24.1868   19.4165   24.3311   19.6469   24.5153   19.9249   20.8806   21.8403   22.8035   23.7697   24.7386   24.0416        25   25.9615   26.9258   27.8927   28.8617        17   17.8885   18.7883   24.3516   29.1204   17.4929   19.2354   24.6982   29.4109   18.0278   19.7231   25.0799   29.7321   18.6011   20.2485   25.4951   30.0832   19.2094   20.8087   25.9422   26.8328   27.7308   28.6356   29.5466   30.4631   13.3417   13.1529   13.0384        13   13.0384   19.8494   20.6155   21.4009   27.2947    28.178   29.0689   29.9666   30.8707   14.3178   14.0357   27.7849    31.305   15.2971   15.0333   28.3019   31.7648   16.2788   16.0312   28.8444    32.249   17.2627   29.4109   30.2324   31.0644   31.9061   32.7567
   14.0357   13.0384   12.0416        14        12         0         1         2   14.0357   13.0384   12.0416         1   2.23607   7.07107   8.06226   9.05539   10.0499   11.0454   12.0416         2   2.82843   7.28011   12.1655         3   3.16228   3.60555   7.61577   12.3693   8.06226   12.6491   8.60233        13   9.21954        10   10.8167   11.6619     12.53   13.4164   13.0384   13.8924   14.7648   15.6525   16.5529   17.4642     8.544   8.94427   9.43398   13.6015   17.8885   9.48683   10.2956   14.2127   18.3576   10.4403   11.1803   14.8661    18.868   11.4018    12.083   15.5563   19.4165   12.3693        13   16.2788   16.9706   17.6918   18.4391   19.2094        20   19.8494    19.105   18.3848   17.6918   17.0294   13.3417   13.6015   13.9284   17.6918   18.3848    19.105   19.8494   20.6155   20.5183   17.8045   18.4391   21.2603   21.2132   18.6011   19.2094   21.9317   21.9317   19.4165        20   22.6274   22.6716   20.8087   21.4009   22.0227   22.6716   23.3452
   15.0333   14.0357   13.0384        15        13         1         0         1   15.0333   14.0357   13.0384   1.41421   1.41421   6.08276   7.07107   8.06226   9.05539   10.0499   11.0454   2.23607   2.23607   6.32456   11.1803   3.16228         3   3.16228    6.7082   11.4018    7.2111   11.7047   7.81025    12.083   8.48528   9.21954        10   10.8167   11.6619     12.53   12.2066   13.0384   13.8924   14.7648   15.6525   16.5529   8.24621     8.544   8.94427   12.8062        17   9.21954   9.84886   13.4536   17.4929    10.198   10.7703   14.1421   18.0278   11.1803   11.7047   14.8661   18.6011   12.1655   12.6491   15.6205   16.2788   16.9706   17.6918   18.4391   19.2094   20.6155   19.8494    19.105   18.3848   17.6918   13.1529   13.3417   13.6015   17.0294   17.6918   18.3848    19.105   19.8494   21.2603   18.4391   17.8045   20.5183   21.9317   19.2094   18.6011   21.2132   22.6274        20   19.4165   21.9317   23.3452   20.2485   20.8087   21.4009   22.0227   22.6716
   16.0312   15.0333   14.0357        16        14         2         1         0   16.0312   15.0333   14.0357   2.23607         1   5.09902   6.08276   7.07107   8.06226   9.05539   10.0499   2.82843         2   5.38516    10.198   3.60555   3.16228         3   5.83095   10.4403   6.40312   10.7703   7.07107   11.1803   7.81025   8.48528   9.21954        10   10.8167   11.6619   11.4018   12.2066   13.0384   13.8924   14.7648   15.6525   8.06226   8.24621     8.544   12.0416   16.1245   9.05539   9.48683   12.7279   16.6433   10.0499   10.4403   13.4536   17.2047   11.0454   11.4018   14.2127   17.8045   12.0416   12.3693        15   15.6205   16.2788   16.9706   17.6918   18.4391   21.4009   20.6155   19.8494    19.105   18.3848   13.0384   13.1529   13.3417   16.4012   17.0294   17.6918   18.3848    19.105   22.0227    19.105   17.2047    19.799   22.6716   19.8494   18.0278   20.5183   23.3452   20.6155    18.868   21.2603   24.0416   19.7231   20.2485   20.8087   21.4009   22.0227
         2   2.23607   2.82843         1   2.23607   14.0357   15.0333   16.0312         0         1         2        14        16        21        22        23        24        25        26   14.0357   16.0312   21.0238   26.0192   14.1421   15.1327   16.1245    21.095   26.0768   21.2132   26.1725   21.3776   26.3059    21.587    22.561   23.5372   24.5153   25.4951   26.4764   25.7099   26.6833   27.6586   28.6356   29.6142   30.5941   18.3848   19.3132   20.2485   25.9615   30.8058   18.7883   20.6155   26.2488   31.0483   19.2354   21.0238   26.5707   31.3209   19.7231   21.4709   26.9258   31.6228   20.2485   21.9545    27.313   28.2312   29.1548   30.0832   31.0161   31.9531   12.0416        12   12.0416   12.1655   12.3693   20.8087   21.6333   22.4722   28.6356   29.5466   30.4631   31.3847    32.311   13.0384   13.3417   29.0689   32.6956   14.0357   14.3178   29.5296   33.1059   15.0333   15.2971   30.0167    33.541   16.0312   30.5287   31.3847    32.249    33.121        34
   2.23607         2   2.23607   1.41421   1.41421   13.0384   14.0357   15.0333         1         0         1        13        15        20        21        22        23        24        25   13.0384   15.0333    20.025     25.02   13.1529   14.1421   15.1327   20.0998   25.0799   20.2237   25.1794   20.3961    25.318   20.6155    21.587    22.561   23.5372   24.5153   25.4951   24.7386   25.7099   26.6833   27.6586   28.6356   29.6142   17.4642   18.3848   19.3132        25   29.8329   17.8885   19.6977   25.2982   30.0832   18.3576   20.1246    25.632   30.3645    18.868   20.5913        26   30.6757   19.4165    21.095   26.4008    27.313   28.2312   29.1548   30.0832   31.0161   12.1655   12.0416        12   12.0416   12.1655        20   20.8087   21.6333   27.7308   28.6356   29.5466   30.4631   31.3847   13.1529   13.1529    28.178   31.7805   14.1421   14.1421   28.6531   32.2025   15.1327   15.1327   29.1548   32.6497   16.1245   29.6816   30.5287   31.3847    32.249    33.121
   2.82843   2.23607         2   2.23607         1   12.0416   13.0384   14.0357         2         1         0        12        14        19        20        21        22        23        24   12.0416   14.0357   19.0263   24.0208   12.1655   13.1529   14.1421    19.105   24.0832   19.2354   24.1868   19.4165   24.3311   19.6469   20.6155    21.587    22.561   23.5372   24.5153   23.7697   24.7386   25.7099   26.6833   27.6586   28.6356   16.5529   17.4642   18.3848   24.0416   28.8617        17   18.7883   24.3516   29.1204   17.4929   19.2354   24.6982   29.4109   18.0278   19.7231   25.0799   29.7321   18.6011   20.2485   25.4951   26.4008    27.313   28.2312   29.1548   30.0832   12.3693   12.1655   12.0416        12   12.0416   19.2094        20   20.8087   26.8328   27.7308   28.6356   29.5466   30.4631   13.3417   13.0384   27.2947   30.8707   14.3178   14.0357   27.7849    31.305   15.2971   15.0333   28.3019   31.7648   16.2788   28.8444   29.6816   30.5287   31.3847    32.249
   14.1421   13.1529   12.1655   14.0357   12.0416         1   1.41421   2.23607        14        13        12         0         2         7         8         9        10        11        12         1   2.23607   7.07107   12.0416         2   2.23607   2.82843   7.28011   12.1655   7.61577   12.3693   8.06226   12.6491   8.60233   9.43398   10.2956   11.1803    12.083        13     12.53   13.4164   14.3178   15.2315   16.1555    17.088   7.61577   8.06226   8.60233   13.0384   17.4642     8.544   9.43398   13.6015   17.8885   9.48683   10.2956   14.2127   18.3576   10.4403   11.1803   14.8661    18.868   11.4018    12.083   15.5563   16.2788   17.0294   17.8045   18.6011   19.4165   19.2094   18.4391   17.6918   16.9706   16.2788   12.3693   12.6491        13   16.9706   17.6918   18.4391   19.2094        20   19.8494   17.0294   17.6918   20.6155   20.5183   17.8045   18.4391   21.2603   21.2132   18.6011   19.2094   21.9317   21.9317        20   20.6155   21.2603   21.9317   22.6274
   16.1245   15.1327   14.1421   16.0312   14.0357   2.23607   1.41421         1        16        15        14         2         0         5         6         7         8         9        10   2.23607         1   5.09902   10.0499   2.82843   2.23607         2   5.38516    10.198   5.83095   10.4403   6.40312   10.7703   7.07107   7.81025   8.60233   9.43398   10.2956   11.1803   10.8167   11.6619     12.53   13.4164   14.3178   15.2315   7.07107   7.28011   7.61577   11.4018   15.6525   8.06226     8.544   12.0416   16.1245   9.05539   9.48683   12.7279   16.6433   10.0499   10.4403   13.4536   17.2047   11.0454   11.4018   14.2127   14.8661   15.5563   16.2788   17.0294   17.8045   20.8087        20   19.2094   18.4391   17.6918   12.0416   12.1655   12.3693   15.6205   16.2788   16.9706   17.6918   18.4391   21.4009   18.3848   16.4012    19.105   22.0227    19.105   17.2047    19.799   22.6716   19.8494   18.0278   20.5183   23.3452    18.868   19.4165        20   20.6155   21.2603
    21.095   20.0998    19.105   21.0238   19.0263   7.07107   6.08276   5.09902        21        20        19         7         5         0         1         2         3         4         5   7.07107   5.09902         1   5.09902   7.28011   6.32456   5.38516         2   5.38516         3   5.83095         4   6.40312         5   5.09902   5.38516   5.83095   6.40312   7.07107    7.2111   7.81025   8.48528   9.21954        10   10.8167   8.06226   7.61577   7.28011   8.06226   11.4018   8.94427   8.24621   8.94427   12.0416   9.84886   9.21954   9.84886   12.7279   10.7703    10.198   10.7703   13.4536   11.7047   11.1803   11.7047    12.083     12.53   13.0384   13.6015   14.2127   25.0599   24.1868   23.3238   22.4722   21.6333   12.6491   12.3693   12.1655        13   13.4164   13.8924   14.4222        15   25.5539   22.2036   13.9284   15.8114   26.0768   22.8035   14.8661   16.6433   26.6271   23.4307   15.8114   17.4929   27.2029   16.7631    17.088   17.4642   17.8885   18.3576
   22.0907    21.095   20.0998   22.0227    20.025   8.06226   7.07107   6.08276        22        21        20         8         6         1         0         1         2         3         4   8.06226   6.08276   1.41421   4.12311   8.24621   7.28011   6.32456   2.23607   4.47214   3.16228         5   4.12311   5.65685   5.09902         5   5.09902   5.38516   5.83095   6.40312    6.7082    7.2111   7.81025   8.48528   9.21954        10   8.60233   8.06226   7.61577   7.61577   10.6301   9.43398     8.544     8.544   11.3137   10.2956   9.48683   9.48683   12.0416   11.1803   10.4403   10.4403   12.8062    12.083   11.4018   11.4018   11.7047    12.083     12.53   13.0384   13.6015   25.9422   25.0599   24.1868   23.3238   22.4722        13   12.6491   12.3693   12.6491        13   13.4164   13.8924   14.4222   26.4197   23.0217   13.6015   15.2643   26.9258   23.6008   14.5602   16.1245   27.4591   24.2074   15.5242        17   28.0179   16.4924   16.7631    17.088   17.4642   17.8885
   23.0868   22.0907    21.095   23.0217   21.0238   9.05539   8.06226   7.07107        23        22        21         9         7         2         1         0         1         2         3   9.05539   7.07107   2.23607   3.16228   9.21954   8.24621   7.28011   2.82843   3.60555   3.60555   4.24264   4.47214         5   5.38516   5.09902         5   5.09902   5.38516   5.83095   6.32456    6.7082    7.2111   7.81025   8.48528   9.21954   9.21954   8.60233   8.06226   7.28011   9.89949        10   8.94427   8.24621   10.6301   10.8167   9.84886   9.21954   11.4018   11.6619   10.7703    10.198   12.2066     12.53   11.7047   11.1803   11.4018   11.7047    12.083     12.53   13.0384   26.8328   25.9422   25.0599   24.1868   23.3238   13.4164        13   12.6491   12.3693   12.6491        13   13.4164   13.8924   27.2947   23.8537   13.3417   14.7648   27.7849   24.4131   14.3178   15.6525   28.3019        25   15.2971   16.5529   28.8444   16.2788   16.4924   16.7631    17.088   17.4642
   24.0832   23.0868   22.0907   24.0208   22.0227   10.0499   9.05539   8.06226        24        23        22        10         8         3         2         1         0         1         2   10.0499   8.06226   3.16228   2.23607    10.198   9.21954   8.24621   3.60555   2.82843   4.24264   3.60555         5   4.47214   5.83095   5.38516   5.09902         5   5.09902   5.38516   6.08276   6.32456    6.7082    7.2111   7.81025   8.48528   9.89949   9.21954   8.60233   7.07107   9.21954   10.6301   9.43398   8.06226        10   11.4018   10.2956   9.05539   10.8167   12.2066   11.1803   10.0499   11.6619   13.0384    12.083   11.0454   11.1803   11.4018   11.7047    12.083     12.53   27.7308   26.8328   25.9422   25.0599   24.1868   13.8924   13.4164        13   12.1655   12.3693   12.6491        13   13.4164    28.178   24.6982   13.1529   14.3178   28.6531   25.2389   14.1421   15.2315   29.1548    25.807   15.1327   16.1555   29.6816   16.1245   16.2788   16.4924   16.7631    17.088
   25.0799   24.0832   23.0868     25.02   23.0217   11.0454   10.0499   9.05539        25        24        23        11         9         4         3         2         1         0         1   11.0454   9.05539   4.12311   1.41421   11.1803    10.198   9.21954   4.47214   2.23607         5   3.16228   5.65685   4.12311   6.40312   5.83095   5.38516   5.09902         5   5.09902         6   6.08276   6.32456    6.7082    7.2111   7.81025   10.6301   9.89949   9.21954         7   8.60233   11.3137        10         8   9.43398   12.0416   10.8167         9   10.2956   12.8062   11.6619        10   11.1803   13.6015     12.53        11   11.0454   11.1803   11.4018   11.7047    12.083   28.6356   27.7308   26.8328   25.9422   25.0599   14.4222   13.8924   13.4164   12.0416   12.1655   12.3693   12.6491        13   29.0689   25.5539   13.0384   13.9284   29.5296   26.0768   14.0357   14.8661   30.0167   26.6271   15.0333   15.8114   30.5287   16.0312   16.1245   16.2788   16.4924   16.7631
   26.0768   25.0799   24.0832   26.0192   24.0208   12.0416   11.0454   10.0499        26        25        24        12        10         5         4         3         2         1         0   12.0416   10.0499   5.09902         1   12.1655   11.1803    10.198   5.38516         2   5.83095         3   6.40312         4   7.07107   6.40312   5.83095   5.38516   5.09902         5   6.08276         6   6.08276   6.32456    6.7082    7.2111   11.4018   10.6301   9.89949   7.07107   8.06226   12.0416   10.6301   8.06226   8.94427   12.7279   11.4018   9.05539   9.84886   13.4536   12.2066   10.0499   10.7703   14.2127   13.0384   11.0454        11   11.0454   11.1803   11.4018   11.7047   29.5466   28.6356   27.7308   26.8328   25.9422        15   14.4222   13.8924        12   12.0416   12.1655   12.3693   12.6491   29.9666   26.4197        13   13.6015   30.4138   26.9258        14   14.5602   30.8869   27.4591        15   15.5242   31.3847        16   16.0312   16.1245   16.2788   16.4924
   14.3178   13.3417   12.3693   14.1421   12.1655         2   2.23607   2.82843   14.0357   13.0384   12.0416         1   2.23607   7.07107   8.06226   9.05539   10.0499   11.0454   12.0416         0         2         7        12         1   1.41421   2.23607   7.07107   12.0416   7.28011   12.1655   7.61577   12.3693   8.06226   8.94427   9.84886   10.7703   11.7047   12.6491    12.083        13   13.9284   14.8661   15.8114   16.7631    6.7082    7.2111   7.81025     12.53    17.088   7.61577   8.60233   13.0384   17.4642     8.544   9.43398   13.6015   17.8885   9.48683   10.2956   14.2127   18.3576   10.4403   11.1803   14.8661   15.6205   16.4012   17.2047   18.0278    18.868   18.6011   17.8045   17.0294   16.2788   15.5563   11.4018   11.7047    12.083   16.2788   17.0294   17.8045   18.6011   19.4165   19.2094   16.2788   16.9706        20   19.8494   17.0294   17.6918   20.6155   20.5183   17.8045   18.4391   21.2603   21.2132   19.2094   19.8494   20.5183   21.2132   21.9317
   16.2788   15.2971   14.3178   16.1245   14.1421   2.82843   2.23607         2   16.0312   15.0333   14.0357   2.23607         1   5.09902   6.08276   7.07107   8.06226   9.05539   10.0499         2         0         5        10   2.23607   1.41421         1   5.09902   10.0499   5.38516    10.198   5.83095   10.4403   6.40312    7.2111   8.06226   8.94427   9.84886   10.7703   10.2956   11.1803    12.083        13   13.9284   14.8661   6.08276   6.32456    6.7082   10.8167   15.2315   7.07107   7.61577   11.4018   15.6525   8.06226     8.544   12.0416   16.1245   9.05539   9.48683   12.7279   16.6433   10.0499   10.4403   13.4536   14.1421   14.8661   15.6205   16.4012   17.2047   20.2485   19.4165   18.6011   17.8045   17.0294   11.0454   11.1803   11.4018   14.8661   15.5563   16.2788   17.0294   17.8045   20.8087   17.6918   15.6205   18.4391   21.4009   18.3848   16.4012    19.105   22.0227    19.105   17.2047    19.799   22.6716   18.0278   18.6011   19.2094   19.8494   20.5183
   21.2132   20.2237   19.2354    21.095    19.105   7.28011   6.32456   5.38516   21.0238    20.025   19.0263   7.07107   5.09902         1   1.41421   2.23607   3.16228   4.12311   5.09902         7         5         0         5   7.07107   6.08276   5.09902         1   5.09902         2   5.38516         3   5.83095         4   4.12311   4.47214         5   5.65685   6.40312   6.40312   7.07107   7.81025   8.60233   9.43398   10.2956    7.2111    6.7082   6.32456    7.2111   10.8167   8.06226   7.28011   8.06226   11.4018   8.94427   8.24621   8.94427   12.0416   9.84886   9.21954   9.84886   12.7279   10.7703    10.198   10.7703   11.1803   11.6619   12.2066   12.8062   13.4536   24.5967   23.7065   22.8254   21.9545    21.095   11.7047   11.4018   11.1803    12.083     12.53   13.0384   13.6015   14.2127   25.0599   21.6333        13        15   25.5539   22.2036   13.9284   15.8114   26.0768   22.8035   14.8661   16.6433   26.6271   15.8114   16.1555   16.5529        17   17.4929
   26.1725   25.1794   24.1868   26.0768   24.0832   12.1655   11.1803    10.198   26.0192     25.02   24.0208   12.0416   10.0499   5.09902   4.12311   3.16228   2.23607   1.41421         1        12        10         5         0   12.0416   11.0454   10.0499   5.09902         1   5.38516         2   5.83095         3   6.40312   5.65685         5   4.47214   4.12311         4   5.09902         5   5.09902   5.38516   5.83095   6.40312   10.8167        10   9.21954   6.08276    7.2111   11.4018   9.89949   7.07107   8.06226   12.0416   10.6301   8.06226   8.94427   12.7279   11.4018   9.05539   9.84886   13.4536   12.2066   10.0499        10   10.0499    10.198   10.4403   10.7703   29.1548   28.2312    27.313   26.4008   25.4951   14.2127   13.6015   13.0384        11   11.0454   11.1803   11.4018   11.7047   29.5466   25.9422        12   12.6491   29.9666   26.4197        13   13.6015   30.4138   26.9258        14   14.5602   30.8869        15   15.0333   15.1327   15.2971   15.5242
   14.5602   13.6015   12.6491   14.3178   12.3693         3   3.16228   3.60555   14.1421   13.1529   12.1655         2   2.82843   7.28011   8.24621   9.21954    10.198   11.1803   12.1655         1   2.23607   7.07107   12.0416         0         1         2         7        12   7.07107   12.0416   7.28011   12.1655   7.61577     8.544   9.48683   10.4403   11.4018   12.3693   11.7047   12.6491   13.6015   14.5602   15.5242   16.4924   5.83095   6.40312   7.07107    12.083   16.7631    6.7082   7.81025     12.53    17.088   7.61577   8.60233   13.0384   17.4642     8.544   9.43398   13.6015   17.8885   9.48683   10.2956   14.2127        15   15.8114   16.6433   17.4929   18.3576   18.0278   17.2047   16.4012   15.6205   14.8661   10.4403   10.7703   11.1803   15.6205   16.4012   17.2047   18.0278    18.868   18.6011   15.5563   16.2788   19.4165   19.2094   16.2788   16.9706        20   19.8494   17.0294   17.6918   20.6155   20.5183   18.4391    19.105    19.799   20.5183   21.2603
   15.5242   14.5602   13.6015   15.2971   13.3417   3.16228         3   3.16228   15.1327   14.1421   13.1529   2.23607   2.23607   6.32456   7.28011   8.24621   9.21954    10.198   11.1803   1.41421   1.41421   6.08276   11.0454         1         0         1         6        11   6.08276   11.0454   6.32456   11.1803    6.7082   7.61577     8.544   9.48683   10.4403   11.4018   10.7703   11.7047   12.6491   13.6015   14.5602   15.5242   5.38516   5.83095   6.40312   11.1803   15.8114   6.32456    7.2111   11.6619   16.1555   7.28011   8.06226   12.2066   16.5529   8.24621   8.94427   12.8062        17   9.21954   9.84886   13.4536   14.2127        15   15.8114   16.6433   17.4929    18.868   18.0278   17.2047   16.4012   15.6205    10.198   10.4403   10.7703   14.8661   15.6205   16.4012   17.2047   18.0278   19.4165   16.2788   15.5563   18.6011        20   16.9706   16.2788   19.2094   20.6155   17.6918   17.0294   19.8494   21.2603   17.8045   18.4391    19.105    19.799   20.5183
   16.4924   15.5242   14.5602   16.2788   14.3178   3.60555   3.16228         3   16.1245   15.1327   14.1421   2.82843         2   5.38516   6.32456   7.28011   8.24621   9.21954    10.198   2.23607         1   5.09902   10.0499         2         1         0         5        10   5.09902   10.0499   5.38516    10.198   5.83095    6.7082   7.61577     8.544   9.48683   10.4403   9.84886   10.7703   11.7047   12.6491   13.6015   14.5602   5.09902   5.38516   5.83095   10.2956   14.8661   6.08276    6.7082   10.8167   15.2315   7.07107   7.61577   11.4018   15.6525   8.06226     8.544   12.0416   16.1245   9.05539   9.48683   12.7279   13.4536   14.2127        15   15.8114   16.6433   19.7231    18.868   18.0278   17.2047   16.4012   10.0499    10.198   10.4403   14.1421   14.8661   15.6205   16.4012   17.2047   20.2485   17.0294   14.8661   17.8045   20.8087   17.6918   15.6205   18.4391   21.4009   18.3848   16.4012    19.105   22.0227   17.2047   17.8045   18.4391    19.105    19.799
   21.3776   20.3961   19.4165   21.2132   19.2354   7.61577    6.7082   5.83095    21.095   20.0998    19.105   7.28011   5.38516         2   2.23607   2.82843   3.60555   4.47214   5.38516   7.07107   5.09902         1   5.09902         7         6         5         0         5         1   5.09902         2   5.38516         3   3.16228   3.60555   4.24264         5   5.83095   5.65685   6.40312    7.2111   8.06226   8.94427   9.84886   6.40312   5.83095   5.38516   6.40312   10.2956    7.2111   6.32456    7.2111   10.8167   8.06226   7.28011   8.06226   11.4018   8.94427   8.24621   8.94427   12.0416   9.84886   9.21954   9.84886   10.2956   10.8167   11.4018   12.0416   12.7279   24.1661   23.2594   22.3607   21.4709   20.5913   10.7703   10.4403    10.198   11.1803   11.6619   12.2066   12.8062   13.4536   24.5967    21.095    12.083   14.2127   25.0599   21.6333        13        15   25.5539   22.2036   13.9284   15.8114   26.0768   14.8661   15.2315   15.6525   16.1245   16.6433
   26.3059    25.318   24.3311   26.1725   24.1868   12.3693   11.4018   10.4403   26.0768   25.0799   24.0832   12.1655    10.198   5.38516   4.47214   3.60555   2.82843   2.23607         2   12.0416   10.0499   5.09902         1        12        11        10         5         0   5.09902         1   5.38516         2   5.83095         5   4.24264   3.60555   3.16228         3   4.12311         4   4.12311   4.47214         5   5.65685   10.2956   9.43398   8.60233   5.09902   6.40312   10.8167   9.21954   6.08276    7.2111   11.4018   9.89949   7.07107   8.06226   12.0416   10.6301   8.06226   8.94427   12.7279   11.4018   9.05539         9   9.05539   9.21954   9.48683   9.84886   28.7924   27.8568   26.9258        26   25.0799   13.4536   12.8062   12.2066        10   10.0499    10.198   10.4403   10.7703   29.1548   25.4951        11   11.7047   29.5466   25.9422        12   12.6491   29.9666   26.4197        13   13.6015   30.4138        14   14.0357   14.1421   14.3178   14.5602
    21.587   20.6155   19.6469   21.3776   19.4165   8.06226    7.2111   6.40312   21.2132   20.2237   19.2354   7.61577   5.83095         3   3.16228   3.60555   4.24264         5   5.83095   7.28011   5.38516         2   5.38516   7.07107   6.08276   5.09902         1   5.09902         0         5         1   5.09902         2   2.23607   2.82843   3.60555   4.47214   5.38516         5   5.83095    6.7082   7.61577     8.544   9.48683   5.65685         5   4.47214   5.65685   9.84886   6.40312   5.38516   6.40312   10.2956    7.2111   6.32456    7.2111   10.8167   8.06226   7.28011   8.06226   11.4018   8.94427   8.24621   8.94427   9.43398        10   10.6301   11.3137   12.0416   23.7697   22.8473   21.9317   21.0238   20.1246   9.84886   9.48683   9.21954   10.2956   10.8167   11.4018   12.0416   12.7279   24.1661   20.5913   11.1803   13.4536   24.5967    21.095    12.083   14.2127   25.0599   21.6333        13        15   25.5539   13.9284   14.3178   14.7648   15.2643   15.8114
   26.4764   25.4951   24.5153   26.3059   24.3311   12.6491   11.7047   10.7703   26.1725   25.1794   24.1868   12.3693   10.4403   5.83095         5   4.24264   3.60555   3.16228         3   12.1655    10.198   5.38516         2   12.0416   11.0454   10.0499   5.09902         1         5         0   5.09902         1   5.38516   4.47214   3.60555   2.82843   2.23607         2   3.16228         3   3.16228   3.60555   4.24264         5   9.84886   8.94427   8.06226   4.12311   5.65685   10.2956   8.60233   5.09902   6.40312   10.8167   9.21954   6.08276    7.2111   11.4018   9.89949   7.07107   8.06226   12.0416   10.6301   8.06226         8   8.06226   8.24621     8.544   8.94427   28.4605   27.5136   26.5707    25.632   24.6982   12.7279   12.0416   11.4018         9   9.05539   9.21954   9.48683   9.84886   28.7924   25.0799        10   10.7703   29.1548   25.4951        11   11.7047   29.5466   25.9422        12   12.6491   29.9666        13   13.0384   13.1529   13.3417   13.6015
   21.8403   20.8806   19.9249    21.587   19.6469   8.60233   7.81025   7.07107   21.3776   20.3961   19.4165   8.06226   6.40312         4   4.12311   4.47214         5   5.65685   6.40312   7.61577   5.83095         3   5.83095   7.28011   6.32456   5.38516         2   5.38516         1   5.09902         0         5         1   1.41421   2.23607   3.16228   4.12311   5.09902   4.47214   5.38516   6.32456   7.28011   8.24621   9.21954         5   4.24264   3.60555         5   9.48683   5.65685   4.47214   5.65685   9.84886   6.40312   5.38516   6.40312   10.2956    7.2111   6.32456    7.2111   10.8167   8.06226   7.28011   8.06226   8.60233   9.21954   9.89949   10.6301   11.4018   23.4094   22.4722   21.5407   20.6155   19.6977   8.94427     8.544   8.24621   9.43398        10   10.6301   11.3137   12.0416   23.7697   20.1246   10.2956   12.7279   24.1661   20.5913   11.1803   13.4536   24.5967    21.095    12.083   14.2127   25.0599        13   13.4164   13.8924   14.4222        15
   26.6833   25.7099   24.7386   26.4764   24.5153        13    12.083   11.1803   26.3059    25.318   24.3311   12.6491   10.7703   6.40312   5.65685         5   4.47214   4.12311         4   12.3693   10.4403   5.83095         3   12.1655   11.1803    10.198   5.38516         2   5.09902         1         5         0   5.09902   4.12311   3.16228   2.23607   1.41421         1   2.23607         2   2.23607   2.82843   3.60555   4.47214   9.48683     8.544   7.61577   3.16228         5   9.84886   8.06226   4.12311   5.65685   10.2956   8.60233   5.09902   6.40312   10.8167   9.21954   6.08276    7.2111   11.4018   9.89949   7.07107         7   7.07107   7.28011   7.61577   8.06226   28.1603   27.2029   26.2488   25.2982   24.3516   12.0416   11.3137   10.6301         8   8.06226   8.24621     8.544   8.94427   28.4605   24.6982         9   9.84886   28.7924   25.0799        10   10.7703   29.1548   25.4951        11   11.7047   29.5466        12   12.0416   12.1655   12.3693   12.6491
   22.1359   21.1896   20.2485   21.8403   19.9249   9.21954   8.48528   7.81025    21.587   20.6155   19.6469   8.60233   7.07107         5   5.09902   5.38516   5.83095   6.40312   7.07107   8.06226   6.40312         4   6.40312   7.61577    6.7082   5.83095         3   5.83095         2   5.38516         1   5.09902         0         1         2         3         4         5   4.12311   5.09902   6.08276   7.07107   8.06226   9.05539   4.47214   3.60555   2.82843   4.47214   9.21954         5   3.60555         5   9.48683   5.65685   4.47214   5.65685   9.84886   6.40312   5.38516   6.40312   10.2956    7.2111   6.32456    7.2111   7.81025   8.48528   9.21954        10   10.8167   23.0868   22.1359   21.1896   20.2485   19.3132   8.06226   7.61577   7.28011   8.60233   9.21954   9.89949   10.6301   11.4018   23.4094   19.6977   9.43398   12.0416   23.7697   20.1246   10.2956   12.7279   24.1661   20.5913   11.1803   13.4536   24.5967    12.083     12.53   13.0384   13.6015   14.2127
   23.0868   22.1359   21.1896   22.8035   20.8806        10   9.21954   8.48528    22.561    21.587   20.6155   9.43398   7.81025   5.09902         5   5.09902   5.38516   5.83095   6.40312   8.94427    7.2111   4.12311   5.65685     8.544   7.61577    6.7082   3.16228         5   2.23607   4.47214   1.41421   4.12311         1         0         1         2         3         4   3.16228   4.12311   5.09902   6.08276   7.07107   8.06226   5.38516   4.47214   3.60555   3.60555   8.24621   5.83095   4.24264   4.24264     8.544   6.40312         5         5   8.94427   7.07107   5.83095   5.83095   9.43398   7.81025    6.7082    6.7082    7.2111   7.81025   8.48528   9.21954        10   24.0416   23.0868   22.1359   21.1896   20.2485   8.60233   8.06226   7.61577   8.06226   8.60233   9.21954   9.89949   10.6301   24.3516   20.6155   8.94427   11.3137   24.6982   21.0238   9.84886   12.0416   25.0799   21.4709   10.7703   12.8062   25.4951   11.7047    12.083     12.53   13.0384   13.6015
   24.0416   23.0868   22.1359   23.7697   21.8403   10.8167        10   9.21954   23.5372    22.561    21.587   10.2956   8.60233   5.38516   5.09902         5   5.09902   5.38516   5.83095   9.84886   8.06226   4.47214         5   9.48683     8.544   7.61577   3.60555   4.24264   2.82843   3.60555   2.23607   3.16228         2         1         0         1         2         3   2.23607   3.16228   4.12311   5.09902   6.08276   7.07107   6.32456   5.38516   4.47214   2.82843   7.28011    6.7082         5   3.60555   7.61577    7.2111   5.65685   4.47214   8.06226   7.81025   6.40312   5.38516   8.60233   8.48528    7.2111   6.32456    6.7082    7.2111   7.81025   8.48528   9.21954        25   24.0416   23.0868   22.1359   21.1896   9.21954   8.60233   8.06226   7.61577   8.06226   8.60233   9.21954   9.89949   25.2982   21.5407     8.544   10.6301    25.632   21.9317   9.48683   11.4018        26   22.3607   10.4403   12.2066   26.4008   11.4018   11.7047    12.083     12.53   13.0384
        25   24.0416   23.0868   24.7386   22.8035   11.6619   10.8167        10   24.5153   23.5372    22.561   11.1803   9.43398   5.83095   5.38516   5.09902         5   5.09902   5.38516   10.7703   8.94427         5   4.47214   10.4403   9.48683     8.544   4.24264   3.60555   3.60555   2.82843   3.16228   2.23607         3         2         1         0         1         2   1.41421   2.23607   3.16228   4.12311   5.09902   6.08276   7.28011   6.32456   5.38516   2.23607   6.32456   7.61577   5.83095   3.16228    6.7082   8.06226   6.40312   4.12311    7.2111   8.60233   7.07107   5.09902   7.81025   9.21954   7.81025   6.08276   6.32456    6.7082    7.2111   7.81025   8.48528   25.9615        25   24.0416   23.0868   22.1359   9.89949   9.21954   8.60233   7.28011   7.61577   8.06226   8.60233   9.21954   26.2488   22.4722   8.24621        10   26.5707   22.8473   9.21954   10.8167   26.9258   23.2594    10.198   11.6619    27.313   11.1803   11.4018   11.7047    12.083     12.53
   25.9615        25   24.0416   25.7099   23.7697     12.53   11.6619   10.8167   25.4951   24.5153   23.5372    12.083   10.2956   6.40312   5.83095   5.38516   5.09902         5   5.09902   11.7047   9.84886   5.65685   4.12311   11.4018   10.4403   9.48683         5   3.16228   4.47214   2.23607   4.12311   1.41421         4         3         2         1         0         1         1   1.41421   2.23607   3.16228   4.12311   5.09902   8.24621   7.28011   6.32456         2   5.38516     8.544    6.7082         3   5.83095   8.94427    7.2111         4   6.40312   9.43398   7.81025         5   7.07107        10   8.48528         6   6.08276   6.32456    6.7082    7.2111   7.81025   26.9258   25.9615        25   24.0416   23.0868   10.6301   9.89949   9.21954   7.07107   7.28011   7.61577   8.06226   8.60233   27.2029   23.4094   8.06226   9.43398   27.5136   23.7697   9.05539   10.2956   27.8568   24.1661   10.0499   11.1803   28.2312   11.0454   11.1803   11.4018   11.7047    12.083
   26.9258   25.9615        25   26.6833   24.7386   13.4164     12.53   11.6619   26.4764   25.4951   24.5153        13   11.1803   7.07107   6.40312   5.83095   5.38516   5.09902         5   12.6491   10.7703   6.40312         4   12.3693   11.4018   10.4403   5.83095         3   5.38516         2   5.09902         1         5         4         3         2         1         0   1.41421         1   1.41421   2.23607   3.16228   4.12311   9.21954   8.24621   7.28011   2.23607   4.47214   9.48683   7.61577   3.16228         5   9.84886   8.06226   4.12311   5.65685   10.2956   8.60233   5.09902   6.40312   10.8167   9.21954   6.08276         6   6.08276   6.32456    6.7082    7.2111   27.8927   26.9258   25.9615        25   24.0416   11.4018   10.6301   9.89949         7   7.07107   7.28011   7.61577   8.06226   28.1603   24.3516         8   8.94427   28.4605   24.6982         9   9.84886   28.7924   25.0799        10   10.7703   29.1548        11   11.0454   11.1803   11.4018   11.7047
   26.2488   25.2982   24.3516   25.9615   24.0416   13.0384   12.2066   11.4018   25.7099   24.7386   23.7697     12.53   10.8167    7.2111    6.7082   6.32456   6.08276         6   6.08276    12.083   10.2956   6.40312   5.09902   11.7047   10.7703   9.84886   5.65685   4.12311         5   3.16228   4.47214   2.23607   4.12311   3.16228   2.23607   1.41421         1   1.41421         0         1         2         3         4         5   8.06226   7.07107   6.08276         1   5.09902   8.24621   6.32456         2   5.38516     8.544    6.7082         3   5.83095   8.94427    7.2111         4   6.40312   9.43398   7.81025         5   5.09902   5.38516   5.83095   6.40312   7.07107   26.6833   25.7099   24.7386   23.7697   22.8035        10   9.21954   8.48528   6.08276   6.32456    6.7082    7.2111   7.81025   26.9258   23.0868   7.07107   8.60233   27.2029   23.4094   8.06226   9.43398   27.5136   23.7697   9.05539   10.2956   27.8568   10.0499    10.198   10.4403   10.7703   11.1803
