         0         1         2         3         1   3.16228         2   3.60555         3   3.16228
         1         0         1         2   1.41421   2.23607   2.23607   2.82843   3.16228         3
         2         1         0         1   2.23607   1.41421   2.82843   2.23607   3.60555   3.16228
         3         2         1         0   3.16228         1   3.60555         2   4.24264   3.60555
         1   1.41421   2.23607   3.16228         0         3         1   3.16228         2   2.23607
   3.16228   2.23607   1.41421         1         3         0   3.16228         1   3.60555   2.82843
         2   2.23607   2.82843   3.60555         1   3.16228         0         3         1   1.41421
   3.60555   2.82843   2.23607         2   3.16228         1         3         0   3.16228   2.23607
         3   3.16228   3.60555   4.24264         2   3.60555         1   3.16228         0         1
   3.16228         3   3.16228   3.60555   2.23607   2.82843   1.41421   2.23607         1         0
